300519 855654 645909 43182 
431789 333049 716384 355749 
414952 785912 233622 603103 
505516 51425 773395 350662 
322833 207055 687966 262799 
507244 101499 887278 772670 
646472 725249 354068 852324 
121330 90333 292049 852589 
446568 322309 294600 761741 
625186 449291 475667 411122 
136375 139805 758809 888019 
233757 281689 479188 664387 
210971 281300 878359 87379 
249810 667252 648873 405946 
445367 1358 709921 186578 
384918 243517 549334 602614 
277263 172378 585095 316739 
759317 197272 525921 458489 
677149 49145 665685 74151 
773899 389449 207459 15666 
793589 192449 347425 510080 
301988 42815 506135 537961 
110805 876121 423659 563826 
72573 389089 706537 883178 
19727 285356 272367 9099 
490343 61526 618464 58297 
419664 712343 704310 580778 
294825 876747 260031 608194 
576993 152239 44793 270605 
158743 875303 840021 304646 
818724 451548 365785 80479 
854094 582601 90862 622155 
527656 675471 32163 311095 
11302 43755 17448 866715 
166267 269936 660050 881182 
40379 669978 883699 398652 
152352 408136 407406 560409 
328060 223959 770019 495787 
804824 248464 374279 779917 
310601 302183 682738 514791 
432042 164121 462538 4802 
634280 243990 701296 532092 
565029 194755 827124 104656 
773705 582903 104773 266305 
681358 366022 49267 796997 
576927 57267 664533 555128 
265984 401397 833690 225172 
818809 180342 243658 53434 
420115 37237 819903 425024 
459867 155226 843292 723090 
18728 574085 66893 428833 
604330 808782 172763 411861 
698307 370743 353471 762245 
822788 156488 828718 148909 
298679 315472 363251 192670 
210181 473623 7258 453621 
638732 529286 129607 309305 
704065 719456 479803 68773 
64820 390425 193603 713482 
776525 339294 695024 471287 
210913 563485 99325 672330 
30209 288347 490550 411674 
178365 115975 595057 658839 
745062 442809 876133 684129 
870169 571786 668887 705917 
566018 700673 329172 576892 
411066 576314 470604 564236 
93707 160011 139856 879850 
688224 231811 659885 224627 
785484 363799 765494 774268 
823687 244969 305587 676862 
105955 799911 653117 168173 
846714 271347 505308 168933 
762863 106313 126287 65481 
98494 815627 454062 516660 
677447 291111 851732 883113 
14221 656420 840974 267159 
23870 300421 480474 653724 
556901 494690 204159 508470 
847757 419514 722347 563676 
550153 862175 876171 577882 
172257 82689 773823 35669 
813896 846663 226981 634881 
513529 313329 359083 78733 
34929 621144 319291 228361 
275460 487294 595690 230319 
444788 44272 229155 681794 
799775 534105 97439 148122 
486072 450444 363912 298878 
386791 16071 702269 806697 
371734 570661 80827 418352 
642943 105866 496328 467721 
75576 3148 301421 326785 
196216 70715 213382 118577 
543571 640197 3130 163820 
344567 592825 546802 595612 
878559 150140 375609 309254 
547184 286805 316391 776661 
843392 108187 856354 855284 
604254 742908 738104 606506 
279507 688700 863630 116926 
621914 34493 756001 840465 
591837 573127 772768 418113 
314602 759384 234915 537483 
804763 327273 216475 602214 
481323 628964 853652 38215 
286459 589654 683566 607949 
856861 59434 287523 221972 
817638 487643 177916 429552 
331798 444683 172196 430988 
780802 42528 121923 742955 
38384 187497 1034 269138 
698156 678513 140591 626777 
708983 775400 38108 61331 
303970 579545 724450 503610 
764381 764292 568868 67370 
345364 543042 479284 576277 
62582 202378 566612 422405 
415404 725954 352657 731239 
494226 222576 603824 220063 
238866 612620 188984 634151 
192005 277149 192644 204561 
155413 782529 418431 818134 
283637 737430 273589 796085 
571884 236289 200025 779471 
635799 805838 190908 436629 
539170 684699 81315 78712 
207704 188772 597979 310281 
515208 857772 490568 631540 
670027 711315 72170 201354 
252298 21701 884476 806877 
841548 622051 373479 605034 
346913 771957 39508 749659 
95573 520392 535917 545975 
88168 641858 333594 322412 
423296 593008 650645 632165 
285098 401551 655826 855940 
463615 81114 593649 726207 
394713 490194 257347 323655 
748262 167937 231006 775264 
659002 79536 421388 563153 
570200 457921 206654 193770 
796812 667089 169241 302530 
598689 426628 792597 728973 
356789 654390 280815 868771 
335253 149086 106250 662916 
462981 656830 753777 553239 
845722 70422 238499 133614 
717026 738705 869922 144789 
181924 225376 157674 429742 
537739 362478 80827 661130 
556611 109914 490302 182766 
423113 711443 665748 802010 
768899 448274 568040 538705 
562154 424901 233215 870698 
151841 682065 362346 532178 
632979 600235 387164 671102 
875734 657543 663223 51964 
273738 760674 477532 230978 
247461 774559 546213 266065 
654568 278468 236663 248542 
28312 59645 472919 227557 
505309 827733 181211 699389 
364601 679669 400860 679964 
180194 5013 20050 284195 
473530 255058 402210 726478 
262888 267049 683201 709529 
443890 264841 359709 582241 
219826 130906 184915 722838 
551909 478980 526108 598786 
151299 491947 826771 18325 
459763 446641 21368 381458 
227564 391165 52090 345301 
276656 830660 839479 291801 
347895 767255 226176 262125 
771374 692418 497640 304835 
402445 196778 391551 822216 
105402 604825 349286 72843 
527597 407354 612911 321605 
332696 379964 713381 729004 
670609 718685 340866 338409 
674490 871120 246293 57086 
522540 595944 82581 182038 
734388 205731 46711 480571 
22684 120907 114914 46526 
127329 216819 746867 118893 
156509 110246 551210 312183 
430019 305889 409475 98383 
613799 748559 471923 724502 
654134 499534 668237 578600 
686230 168563 124794 621223 
570075 695522 111568 131067 
483585 494773 789579 410715 
153727 860523 411657 100714 
617940 711598 606754 873791 
607471 726145 220663 412055 
877000 25167 497665 215252 
667650 8278 511399 696435 
749520 665914 745865 246207 
826660 299191 839513 564048 
88532 279061 34776 608048 
211474 703173 93199 436859 
61715 344783 824380 615234 
210152 536288 141628 832474 
37446 866948 213252 199710 
375544 547615 498001 357467 
392751 561687 500496 454117 
832829 445486 165823 721767 
564085 808177 17548 288288 
506759 779882 848994 420193 
83211 128861 493135 475479 
384211 450554 826533 694924 
597801 492129 277164 528677 
808677 253626 324890 649213 
533737 765571 104264 402313 
625955 94723 2677 172907 
813913 443509 609676 30309 
470061 223573 693470 22689 
222218 743999 832831 866595 
478485 392629 856660 202007 
87636 750326 410335 188571 
502623 208131 365397 201355 
473790 685449 29041 346076 
276982 91704 223545 61938 
150549 829269 262209 154139 
426165 616693 20112 142251 
738033 649328 72014 500092 
130385 756953 349760 160110 
419341 768391 673289 795978 
701237 784491 776252 397730 
623085 327061 429218 552873 
355207 779872 301175 705547 
142931 257668 808705 124641 
381624 837003 639816 387995 
284960 177188 49736 436292 
206976 118214 476676 61739 
180265 294048 786274 424212 
448982 580534 181095 137222 
266335 705990 603464 596943 
343503 128249 568205 714142 
110063 526835 259982 685015 
448514 130132 464789 714970 
359541 725154 293413 563639 
227012 723711 700827 143233 
664912 381395 692278 232635 
174406 652065 478891 370667 
816361 710717 672875 795397 
865461 596135 360898 288555 
670730 93477 809109 570064 
364582 579797 142326 501705 
375720 71188 664369 135581 
514105 733263 882963 565748 
679157 293067 417445 145333 
276801 743717 678553 16654 
730127 144129 608832 175817 
810609 707114 867766 370063 
74950 418868 119400 48124 
301625 557889 881909 195434 
250433 795460 819206 402535 
310938 398960 164613 400168 
704075 139470 126435 162803 
304170 66205 123786 667011 
748573 430147 431623 375596 
709044 281649 515101 101680 
697141 629422 355933 36482 
455543 310925 696567 779711 
2730 729933 669811 76284 
704628 266858 835683 334642 
219428 285450 314637 807212 
580987 31697 649593 740142 
243584 291906 567511 820166 
422218 59188 237876 652592 
472772 543711 623744 441609 
780029 228061 594325 184142 
463097 453414 581553 289694 
215204 242183 784925 556114 
290529 823796 872510 129406 
76539 309296 819434 476826 
802367 176957 33326 823400 
460519 458596 537295 695510 
837036 260060 507286 195599 
740813 500900 885553 840191 
683552 428899 720511 665002 
54260 427284 126141 18705 
766331 560877 294153 266757 
124229 124434 33539 116429 
857405 115003 376042 748509 
231755 244208 635461 857753 
694195 877916 557680 140504 
816576 509335 884143 397659 
75882 784315 75172 700115 
769393 669653 54140 695553 
338269 92570 673536 844292 
539803 541193 613431 522505 
420063 744831 395047 445743 
388808 271879 494427 646069 
547825 192972 4441 497160 
291453 201282 49365 692779 
566655 311299 462920 596901 
97522 725767 784521 500877 
457157 348492 751435 615643 
270343 351414 503257 490320 
170555 358847 687202 440676 
22637 420821 489155 421989 
129968 747391 64302 722313 
382313 787459 844505 224474 
234288 645300 645614 401671 
535329 382149 873328 581653 
574758 267270 890224 569762 
94883 607880 810096 600590 
761138 236413 414220 855290 
407962 210367 682545 633249 
674112 713554 249404 360938 
217836 35269 364443 193431 
527207 139103 17073 287556 
179409 80464 119195 518374 
780450 835360 824358 756009 
59403 312726 86886 567244 
24244 505975 93472 715784 
109381 20564 563028 844796 
610181 284639 352348 577428 
608045 296844 240027 289572 
491949 812421 114724 333702 
336688 558395 316233 380311 
452390 668135 200833 837703 
655453 848775 400254 353550 
586767 216334 628249 146466 
491114 345892 487547 660301 
719695 475990 331821 189301 
306709 668523 310807 522838 
659858 708886 602403 314212 
688295 487218 438603 274931 
827052 292715 279531 631743 
413917 317316 382055 413272 
49085 791716 838856 286635 
580477 334000 240358 694419 
53678 611966 834143 388763 
139505 739348 563780 611109 
35878 86741 550633 128027 
746609 789580 559741 568631 
650793 250413 79585 695582 
816373 714012 853053 680737 
42947 828376 486649 779445 
156576 486273 301410 362550 
129812 517931 594085 690144 
6675 163838 624639 818589 
453553 374307 21170 565477 
400190 149104 160986 514152 
78086 856628 749336 101996 
758969 335229 333930 684986 
710762 25486 254508 369399 
621209 744636 603538 702168 
134385 745352 121966 36182 
771056 81907 589426 516256 
633037 72051 856757 449151 
490245 55616 507840 198592 
315713 85582 817112 585082 
183657 499377 798807 114400 
318027 678513 795512 103495 
838711 151243 129800 320682 
81612 598735 802623 427780 
102346 358890 841069 678018 
58593 186951 471067 762912 
246276 816578 121467 180295 
661316 76006 183500 40580 
819920 202415 182782 110829 
230385 729266 175350 561251 
640686 707090 521464 812990 
335948 373883 292858 151199 
153492 716111 649478 264772 
263544 701698 512457 229732 
644916 130347 163464 763194 
44718 586792 713722 293422 
213166 31751 495164 255586 
131934 163791 429649 853928 
213661 295416 161581 302928 
141803 847102 717141 26383 
832590 681041 724140 626663 
280890 758943 22121 192667 
817622 751241 77033 622069 
752197 521413 776615 511399 
102835 380392 387444 394337 
67090 458779 623696 652745 
187289 722629 277559 501736 
330067 815389 304254 354752 
537776 569047 488365 404137 
647794 197077 35068 366309 
737425 649877 888375 321996 
221215 103287 576887 293528 
311704 379430 560916 699933 
343378 270162 405734 642553 
803159 740947 307974 714977 
584936 305604 61337 826450 
129954 121749 852804 444246 
457144 503585 361268 567825 
543720 836116 254730 855728 
388843 17791 776475 123681 
464745 832068 484617 333594 
434838 81660 657006 51143 
780221 604713 154437 782690 
118438 402931 674465 300225 
532658 570869 49797 261354 
371018 118692 45400 792980 
712202 564136 34490 30342 
401567 172980 82133 405328 
28120 427959 3728 348495 
404602 739615 568648 180202 
362128 219513 597029 164472 
15877 93455 656639 836170 
569843 364907 541366 230947 
876520 153842 101096 7567 
571569 333969 111451 176556 
662773 744351 700253 690164 
217392 423227 20795 790017 
679172 366881 442523 393528 
306639 731386 252428 280898 
866020 169554 35245 211220 
826756 450116 28067 101577 
61000 303771 740472 475566 
193928 291392 310570 790898 
281490 305691 424914 714237 
381282 565875 764948 334752 
850593 456165 2192 344980 
160598 811814 4297 402889 
575168 418531 743290 763926 
694083 806033 268691 790324 
729219 630169 106157 686517 
308164 261476 670535 310672 
594279 173004 580537 461646 
91220 18734 126160 46840 
797835 490043 503036 508821 
179418 626406 579746 174472 
441402 156606 449292 492075 
482657 765593 338887 585572 
384403 14983 96492 738591 
494738 229483 238704 177834 
360163 45916 673597 99504 
679810 875727 862604 729635 
1545 191009 464014 171192 
162440 612570 116971 782446 
293139 14427 144989 100069 
625280 237315 744191 51809 
268263 49056 118909 27993 
213809 674240 246219 119492 
71007 740549 6533 650883 
587577 280189 255706 513007 
586337 12928 856727 432355 
15443 603776 538429 557386 
116704 355587 682081 866279 
799426 488458 454365 445245 
839356 724071 291279 678974 
863027 860335 234985 97731 
443813 334326 495488 739806 
339383 349657 628088 31251 
384375 683831 199952 873715 
404507 414559 454849 661718 
114112 820266 644033 30023 
501181 208945 171401 678278 
519113 549956 785864 402834 
729702 395255 236827 201114 
514727 576076 640248 6686 
468014 310687 140606 562198 
197616 121157 690301 862896 
242596 819479 710205 800434 
270065 200585 711920 162068 
256125 49187 25538 847655 
1959 37560 533005 605069 
619896 165845 120289 201801 
496276 530103 714795 848769 
281696 699906 234482 209722 
750449 847419 553490 326180 
100171 10719 702258 804652 
143055 374535 271239 788994 
234844 86172 717704 118781 
551007 307832 744346 256395 
700930 234839 17332 646530 
142020 56983 193019 829031 
693520 25107 803964 371267 
174450 177922 467470 111736 
353735 421190 558348 396844 
849267 252895 70160 812137 
826641 465244 120174 162748 
546254 212390 97215 740593 
177223 519637 253353 278821 
140033 548527 518790 316271 
708116 441327 166177 609094 
833059 585712 311544 609600 
792663 359091 441125 667447 
606254 280993 520344 837851 
390522 144889 345435 758717 
70657 458978 669291 259716 
817974 767085 141655 197443 
415571 609761 861767 792407 
641938 237595 437479 58609 
78832 600537 683178 866280 
222112 836470 794518 800184 
312646 390376 636665 677791 
628719 757073 44309 287446 
153879 827536 325878 719891 
244954 836268 651479 657575 
684086 187105 80847 514171 
197228 846449 60855 273870 
561387 629267 326212 862120 
773326 734101 783377 119241 
616841 808658 820217 663996 
301665 385670 136450 583954 
453199 772221 316980 486805 
870667 417824 515437 366336 
694628 837683 480437 503329 
475477 842296 551099 397986 
104105 612937 32573 667289 
17567 681324 110823 279849 
