137259 349813 414732 228059 
681969 32615 417073 273683 
396962 805233 375455 605625 
691483 736833 634195 347593 
874121 493379 781472 33709 
154663 430766 714988 153681 
747441 591875 831296 417401 
127963 748453 631972 139385 
821520 847867 883339 593986 
82040 118763 403739 527521 
257004 783089 420992 460337 
612450 508019 646151 582970 
713552 436003 665641 771155 
644661 125409 159578 74436 
583053 745723 372874 238148 
501331 699592 776196 533199 
754365 187859 483939 445397 
610094 72050 869112 224454 
162774 124197 425101 801310 
672631 831174 769758 229132 
827112 156681 329931 146077 
534384 215876 671243 1778 
650909 413637 161269 703524 
753975 230782 592134 660579 
360653 321239 618779 414088 
716734 661591 632300 351540 
520943 300396 761582 410395 
386941 698754 657508 120116 
379312 245094 247955 860843 
764557 538353 251612 142149 
27396 802026 124339 860729 
21516 851079 478881 326021 
359831 481945 430303 67786 
450541 851322 774254 284444 
779602 275919 1518 833079 
682686 305186 595337 691581 
797376 289422 465506 519985 
849036 498304 229468 549592 
684203 603924 799920 346649 
711722 217261 497956 100034 
432310 75142 283900 717846 
158581 473621 542047 216158 
145195 669290 478247 843490 
177264 599480 743216 821021 
155687 617202 335525 256394 
257507 270385 630064 195717 
285932 84834 65195 485357 
557931 395551 96562 459963 
529054 779738 580038 579986 
823884 121113 608417 436778 
136538 669119 698873 463352 
59855 726786 710134 871443 
809901 839717 739405 127482 
79117 324639 209182 216011 
226526 516942 579111 109593 
164174 161554 509529 26362 
723084 84336 656257 737605 
478590 468902 52812 868310 
295053 271251 323368 838869 
603005 813541 348839 94380 
19901 181948 662595 615516 
819267 55451 453994 116237 
327285 355839 711672 678619 
619070 415764 226614 652210 
337064 261312 279316 763935 
94658 318595 181661 766185 
736208 617809 863722 204351 
610812 613415 123086 501194 
352542 353230 550984 165286 
260441 762418 596293 591784 
656987 471298 526330 435245 
162277 871511 233837 402009 
474876 78353 149445 484567 
220337 72351 377402 890736 
690901 769001 542224 722740 
452082 744582 334438 629110 
711961 471194 358677 495854 
684918 533525 395936 233967 
124453 424225 808533 677684 
519126 218819 654510 180746 
67708 394471 860056 632821 
750939 564658 249176 306814 
176444 658457 360597 732501 
711942 145788 84976 709531 
34075 504347 817387 640746 
467717 869506 599056 160731 
674539 53137 437267 87795 
402860 217503 553232 305284 
751791 863016 560612 707197 
187764 579959 876446 204416 
166524 291020 17616 762273 
129865 743982 31546 115498 
769413 102485 19125 76345 
566904 639037 18845 789679 
748706 563833 349549 23772 
449185 267277 842671 706492 
547088 474679 260328 17767 
377904 658980 266869 678222 
525759 585103 630983 11976 
703226 112188 508646 752105 
654209 336316 48515 255365 
824561 180887 824667 349367 
452370 408582 497861 394840 
535550 508896 417810 427808 
353831 407719 438664 785453 
228632 431646 753390 394686 
427637 828233 802505 877894 
219419 572414 548122 448476 
519286 689250 637070 60575 
46905 573470 439353 331213 
97574 503807 66332 197769 
161472 129069 206740 299347 
366545 62930 602492 354747 
64958 482008 684813 476640 
804132 65685 89044 803748 
314895 255009 90834 409008 
700405 243471 73241 677023 
773599 115279 698376 776398 
592561 476496 287616 510697 
681976 303366 597258 214809 
784653 329311 787507 38607 
519992 612482 886891 14629 
256836 610598 565394 727027 
747486 506358 413973 746564 
835557 821667 872479 797295 
99013 89245 294875 796672 
333017 335521 241322 666007 
454664 764357 430979 604947 
673873 56971 122905 315946 
843824 311405 437977 737373 
872242 488802 740120 695199 
35720 432917 282587 134928 
365288 293976 371987 52196 
510198 580805 112336 746920 
561593 336315 861777 245751 
572436 847793 560775 760613 
705395 658559 336991 807530 
705536 787670 649576 303917 
805635 868100 370457 646170 
474739 93594 383569 349075 
503046 273373 862958 316550 
10068 626639 330175 674465 
531525 48064 5040 158099 
839280 13087 434369 688980 
748826 860180 749024 35429 
108078 868127 138991 527876 
175373 316646 583704 53380 
382707 870685 353405 889180 
185279 232697 105076 258303 
682023 150826 889774 771566 
370180 607379 843852 572321 
795414 631646 240702 138705 
626928 699301 163085 254784 
685154 576793 693718 618105 
269495 769770 241133 122369 
260156 238037 24351 285434 
755514 656374 602209 498647 
731353 170382 510100 3233 
396070 392719 629001 454266 
210130 127169 219153 222965 
72411 675986 405915 775055 
520760 644925 504072 324871 
76434 405780 616158 597769 
780862 178836 694100 464114 
445029 222961 599302 639822 
690242 160995 718197 363943 
473471 161472 481034 751530 
83469 535965 312946 684845 
488974 56433 149712 298800 
422079 651341 636570 508110 
361552 712402 506916 264775 
813840 54464 98390 350285 
459930 601687 653190 16466 
607096 832234 88789 53410 
704409 769698 140018 86920 
143137 278229 772482 168438 
661506 135466 393662 743479 
61127 819611 226213 510774 
557047 163289 19351 11898 
776172 66220 768398 353234 
229949 13413 461741 550102 
104810 427603 182658 279054 
466569 141946 251410 332194 
829837 113375 622970 439436 
320093 728042 728174 867416 
616806 87653 532278 663096 
497335 163296 562433 736121 
466674 818339 758390 873362 
460224 325002 387600 751519 
839755 67315 706782 293261 
119139 444594 331705 300745 
365555 359387 66163 611033 
506429 864237 796393 5011 
308323 475579 727903 77898 
836480 19799 399399 540604 
672686 339429 621164 886861 
670062 383114 602429 302039 
180741 200504 561205 730400 
846780 99533 818342 504141 
849821 86628 871738 112127 
301252 171890 805797 567581 
141765 585690 155178 839891 
492675 292394 110765 227035 
240555 620969 140071 685920 
308327 599167 189676 793629 
740908 88041 461498 753747 
69388 31130 689234 17162 
412373 691783 230670 687133 
722226 130169 884643 136725 
115625 242542 709572 195088 
854794 869247 671617 107140 
151208 584515 583312 303906 
344486 190239 517960 450956 
243213 301531 381009 618909 
286578 56660 237591 310941 
322876 422171 438170 23932 
213202 141556 598506 584382 
619071 58905 215004 299885 
588365 254523 641429 730026 
197128 60001 93537 104846 
393382 50326 528389 852422 
240712 539760 441770 478068 
407656 337873 688349 443921 
741653 424612 614743 814026 
671874 50734 427272 164648 
752895 329502 519006 581405 
135910 167939 306231 885355 
288799 480075 294610 797728 
298906 436423 574283 542260 
644028 665459 836993 763059 
369770 294619 602796 452161 
468075 228200 523823 43870 
744578 121928 128402 100367 
445107 772925 764047 309482 
437530 591825 639720 605493 
475762 187395 488679 619 
239421 652501 173949 314648 
471124 298169 101348 847627 
424808 853717 70425 235761 
227570 359857 448572 852928 
425504 69810 185996 674277 
20520 808615 802364 22980 
736655 213211 244680 249439 
120014 707855 63758 291398 
418902 14458 402561 424928 
588669 482053 760060 505763 
444278 532061 157645 406409 
855031 330413 118968 867595 
869836 384771 392637 94542 
875358 241570 214241 839791 
785852 497119 855257 413294 
648195 493130 519846 796354 
476846 611180 763735 709761 
725362 685249 822091 379341 
848745 816023 295485 845385 
37806 159012 611811 37746 
697313 513876 887021 759343 
669439 668488 63644 262916 
23284 757165 82314 724828 
471300 129066 38286 751855 
291518 546813 689453 76742 
252270 658495 261893 22925 
465381 128474 353466 540722 
685524 96257 407120 500481 
439290 231441 642518 75667 
417090 216074 433400 870327 
556271 178276 818288 275939 
303431 685274 129821 69762 
748350 209080 822117 830800 
96424 107517 664626 487884 
392510 788836 266601 206676 
616940 328850 435398 829120 
305764 31550 317151 467299 
88898 417593 762973 86166 
229107 118077 303839 679203 
103424 671252 435977 372621 
530082 755692 13421 813362 
210914 406527 820754 583358 
335620 418287 851587 248550 
517023 1705 471629 33897 
311265 133236 47794 601329 
497736 318743 45552 691385 
372683 232950 603354 357248 
606994 533766 198124 833184 
42489 518995 227860 625646 
414750 701711 759691 503167 
216489 469869 525858 811482 
518862 705603 105772 493028 
96167 128749 330619 29127 
843659 606456 161892 89976 
764481 389095 668980 522474 
391089 262037 591029 353565 
780917 169894 44307 312273 
320331 731147 846225 612636 
148536 644029 161363 313958 
225026 444779 696528 84109 
719254 129361 325889 592194 
731804 200477 106300 476057 
520876 421507 716239 717103 
861408 293403 868395 843185 
239070 302241 511721 862239 
208688 126644 323702 2194 
68381 549558 800562 618912 
451544 557180 105626 521600 
550865 147868 94914 481545 
252524 751504 263663 150776 
76091 624443 540990 797391 
6396 189086 678985 859290 
48927 62282 782527 787036 
513339 265833 597139 793272 
765955 331322 510304 747437 
771769 272600 542600 132038 
522776 379215 576907 72370 
163061 572547 333827 359542 
725638 728065 108570 357452 
664972 478169 647082 106083 
319635 394643 597876 136589 
350454 29073 190112 190934 
110868 550009 70618 100709 
33427 484639 21463 703890 
585078 20363 222307 204993 
90361 163153 172390 275812 
644972 88333 769536 189328 
330308 261496 727288 286301 
370484 571233 216309 245812 
209518 354585 31077 433693 
638166 65613 546908 387837 
660663 185853 680221 499360 
787138 492553 45907 520317 
521409 63084 28556 769654 
61702 718157 151421 413170 
661261 847764 217869 447181 
119910 584198 635564 550730 
439443 681478 679523 659906 
301550 738348 505747 798222 
72402 787422 415782 178427 
742074 243776 697174 651427 
565124 414773 410527 483397 
173619 33424 521282 499293 
728355 220484 550916 64110 
854835 329155 293229 887568 
306915 380728 695320 494887 
768148 848416 823159 370797 
390741 855952 550705 16760 
751269 667548 560534 294419 
263910 150276 399985 99398 
416384 798717 37465 323813 
781036 421894 197165 343432 
419270 826539 659922 378726 
434046 529085 870516 231936 
280075 508854 517987 785205 
317631 426404 125517 297742 
868815 392670 12822 226135 
69420 463241 307028 72920 
640972 448805 34913 545491 
253185 578428 169894 136450 
518864 547734 527250 875914 
15012 777707 620304 98108 
624397 626181 734077 197109 
611804 663306 54266 668287 
202166 424818 258084 497387 
342293 164252 247078 130432 
68852 324370 413442 525754 
396315 30286 754404 748071 
336572 580171 480239 539 
80055 319294 461459 823745 
784181 648759 383513 71368 
8624 418826 378171 856945 
735791 294757 384045 522795 
877202 62888 71566 860817 
500700 505715 809051 875787 
257834 180939 666019 150615 
592574 264805 318670 881731 
658718 271263 289035 710397 
469841 749726 547579 437287 
815109 93578 226368 849910 
603178 531895 511130 79144 
857738 710171 285729 814777 
226709 615047 735527 279403 
259863 286732 469579 267020 
191713 721125 235951 540038 
199437 771719 160679 560879 
166883 613798 117012 114167 
287168 842445 354657 39436 
741561 870079 128554 314935 
437811 740849 757153 651446 
863779 661281 542866 724556 
783194 170275 646817 482057 
189086 630217 863666 507055 
554313 521813 204781 136623 
653208 93534 216478 341376 
574503 319972 567773 726263 
65485 738539 6754 204348 
696141 712307 736651 101761 
471437 507360 552267 802548 
805618 188182 739749 531808 
670804 656394 611125 819056 
863356 395017 221345 593658 
857894 276245 281965 854314 
850155 399253 529364 640458 
500572 811184 301658 137485 
381387 65036 871760 485167 
801767 828273 651270 781525 
621474 559949 838685 444470 
337024 446121 206840 881077 
366627 442528 757063 286761 
312083 676 579310 685641 
137053 338533 430442 615530 
190949 457795 113501 561795 
311414 105430 510121 551503 
870287 875697 128438 470296 
751608 719910 57358 526456 
612283 413087 506809 487786 
67352 139024 729852 196 
233120 328745 382306 388670 
219778 823499 37148 272834 
501951 807517 399477 397745 
811615 742177 234029 337515 
132425 584842 787185 480038 
199556 311129 615704 385418 
421524 552134 759505 728219 
152156 178746 516605 261138 
531173 771073 334853 209697 
358592 215947 543981 510171 
577598 252793 301546 678045 
113920 100624 430610 333067 
112277 317410 117215 449055 
594909 70124 487528 83809 
604701 37682 542831 659303 
663694 9624 540939 683198 
370038 399696 635045 756413 
608067 237185 515704 153480 
152585 501893 756016 604456 
441033 534260 555643 70729 
380185 504954 752071 700356 
486111 558021 856999 414515 
864773 157737 324459 875433 
754196 783212 29351 325820 
655631 171259 809179 309541 
343328 796546 38987 160607 
40717 298973 328545 461729 
502341 720823 841115 127656 
343780 192548 376338 766054 
771552 631903 302026 216850 
483600 2792 160307 227446 
19074 330230 236686 829902 
395845 84123 594048 827609 
114117 77631 50969 676027 
408496 442981 481362 435151 
135452 342559 281116 286745 
206924 244055 689287 785136 
644912 594912 859384 769029 
607617 605562 722252 550896 
743919 301292 230798 742137 
289239 19292 91496 603489 
551791 263846 75901 316985 
858169 46194 875542 616676 
716102 509264 631667 454010 
63908 852892 1980 55207 
161664 165419 189042 597757 
116255 551216 395885 268690 
122237 711709 87387 640128 
588908 865547 268459 50477 
801585 270892 186333 648236 
290290 96325 870490 669829 
841517 586561 754002 818692 
108123 731584 80768 648372 
328386 874123 3702 810554 
432162 332419 687209 50299 
263779 467321 148847 842646 
241196 661639 105280 857628 
84789 204102 566852 575001 
642378 158967 800897 843157 
515853 384809 524242 851223 
548823 470362 857963 140839 
2876 765133 486758 716742 
826253 50138 336589 516152 
161447 227686 499031 868279 
616298 481297 552 187573 
849956 807805 145269 722907 
724874 505695 609524 158573 
136651 546149 330476 532483 
187548 128034 40067 697615 
92836 381488 52950 562201 
748810 396045 198338 74457 
696985 779658 876303 429932 
184435 83471 510034 750181 
487842 585303 793262 803028 
818345 792521 761732 192600 
167429 640076 692552 427639 
359596 590521 35361 536760 
28002 120807 507434 400434 
759762 269469 11493 568084 
306584 652576 399143 98269 
552674 514700 886587 537082 
604528 53193 620463 423248 
818854 331600 278934 37406 
849872 126398 150198 772146 
356297 222075 353028 523024 
219950 88295 229975 764151 
367156 236972 280936 805861 
646761 644697 99346 46632 
652341 673520 849463 776303 
366343 445242 804753 811839 
497471 431455 738319 854487 
567937 787638 578154 40100 
712726 429906 392301 520020 
833920 615996 387744 134273 
806123 641121 594219 833956 
797286 677473 299509 653074 
684932 795869 178164 590961 
228948 572014 61318 436316 