65589 709706 527695 566567 
761063 476244 420340 60632 
472426 263546 351685 484743 
623864 343553 448332 466251 
508249 377035 391206 199467 
89197 183042 364285 620407 
652784 32861 449861 216696 
410360 433648 451257 765168 
182026 257504 418333 768865 
850499 364823 84622 744873 
722922 354022 53800 484064 
332471 495133 607562 839813 
491834 330961 634792 164039 
458202 397720 610292 196458 
166115 290185 258522 823563 
152113 390497 781077 109702 
110528 411242 324013 141897 
573711 83370 191063 437144 
246474 128077 689434 160187 
4537 722927 858251 65057 
682767 205780 866418 707508 
815255 178137 240132 778033 
662116 700144 373142 253189 
261883 241730 573220 116954 
769506 519334 344305 495564 
181342 787370 460336 643947 
448784 242113 422445 731451 
730216 801412 791391 164801 
445491 673692 539677 820632 
873260 186137 100824 45045 
181045 463091 424078 67826 
387057 503991 620170 518080 
619173 349985 790498 8446 
654843 152094 874999 483468 
676871 533446 549203 290739 
118394 257561 368503 447831 
73896 549925 737850 865996 
295717 139263 642764 740851 
856200 872247 322480 371966 
441970 726708 35171 827636 
735740 206605 217209 789035 
828189 56156 413006 858677 
336700 620879 133302 821686 
724207 503955 696906 363584 
628432 855846 147670 137796 
227767 655425 17154 464398 
871422 494250 406931 875096 
801578 803609 731339 374135 
518180 793678 642267 309568 
488513 193394 721546 818028 
564763 340600 555183 543631 
117319 199378 36949 775717 
469609 852570 469983 648092 
786226 736318 675953 374958 
661810 248722 112279 130949 
542422 734024 705861 801573 
752782 847124 657431 464457 
26968 330642 521808 114087 
38029 574478 558813 562616 
450248 28261 609563 671210 
603035 40315 237312 25989 
98286 153829 100829 317616 
421796 37303 192253 825268 
44908 224314 101994 296638 
164063 480215 366288 591204 
867771 214848 44230 676272 
305925 749255 241750 351484 
875461 538344 551485 4967 
99286 148861 734076 20704 
385803 838990 100289 824658 
825704 500995 258755 579883 
269031 174066 383495 834288 
722967 552644 184068 550957 
394986 74083 453588 40033 
703357 584444 779492 762209 
844442 205130 539394 423837 
726655 375891 720742 817214 
662150 287351 93210 356771 
241115 516267 687434 454088 
82382 78090 496705 60827 
304424 710268 668364 80913 
34194 14836 597818 302169 
382051 369758 351974 886096 
439538 811690 790206 771981 
150842 109866 626558 704261 
465908 358459 492256 497637 
375828 311239 415690 2458 
677615 767125 467927 731446 
781944 754773 58254 345128 
798032 141430 238622 34363 
438750 29900 66615 73536 
451070 630328 279215 180595 
419291 501306 784225 602347 
413144 509092 551040 786295 
49109 513685 819325 217871 
498443 570418 44362 492585 
10079 336895 650084 468407 
261023 198757 125781 253782 
399912 340094 659703 869280 
524253 316390 536524 315862 
269759 57667 120608 235034 
728447 666094 243384 769840 
733443 585787 779779 218 
858277 173293 387315 220713 
335290 733884 722614 454469 
789260 351768 506821 514336 
335439 175920 328511 535383 
60539 146514 253654 138918 
334115 706415 205691 496507 
82083 718019 239191 74408 
135570 644880 881132 350212 
280384 23386 352522 224185 
333184 591736 806907 793805 
318929 630143 758149 270998 
699174 222510 800641 664563 
326195 631344 314820 556964 
515202 590789 181579 751923 
585616 39756 232171 444773 
146482 38282 861647 836248 
149690 578512 170855 289331 
28225 537120 269894 661945 
296 803641 554467 391380 
230508 579664 678461 539733 
443727 731685 218273 408295 
420717 373121 731969 376630 
585075 225365 551521 530142 
213509 316108 849932 515749 
578122 502700 870205 776020 
600251 535273 326909 408761 
834885 533790 162544 206890 
650026 872954 278099 857721 
258717 600388 68315 90560 
407899 203481 264799 121698 
196775 847901 794444 207712 
649484 754454 455207 663983 
860803 355648 559577 420348 
242770 656826 575033 401401 
471695 771977 875948 645236 
74873 429360 340507 832911 
194696 736704 734754 3732 
858095 554505 313715 721350 
641607 339513 745185 377904 
430934 98851 374198 223244 
673636 443386 454847 686912 
270616 157536 188246 125609 
308972 578121 124455 508273 
432964 414785 455524 493899 
145119 805434 890800 485040 
528694 501268 583893 644388 
198964 761032 522162 300645 
113780 579084 517229 124955 
747806 47048 742184 33051 
240690 125215 601942 433543 
346932 309753 173989 545040 
188087 369930 787373 557908 
444451 434996 890168 345189 
260625 848340 3381 234857 
106037 530156 320830 606704 
317444 24094 664139 259500 
726534 197299 167605 393063 
349588 812649 713340 803440 
496025 264196 778947 614874 
751913 539397 850783 666506 
430694 195687 709113 704986 
570535 559797 804602 700718 
767739 635999 155951 645176 
169430 315542 510554 57277 
518169 839930 846322 473880 
868355 265641 771135 489290 
263877 410460 95281 642773 
318803 366817 829697 447385 
595066 556979 239337 645323 
589148 579112 521821 461528 
298421 721008 871535 277509 
531316 108728 316892 754463 
484927 53283 880646 883886 
109077 790326 11962 560677 
784180 620388 101285 398951 
457373 485208 615717 724691 
846142 51176 846759 213393 
273218 289080 406121 809683 
456978 837764 265849 278034 
334392 845624 42634 311975 
317578 473581 569483 586137 
734528 25580 254794 77034 
711667 60562 301580 147122 
90378 234220 592846 626468 
304853 382483 888263 567379 
155113 168733 582609 427633 
4245 714957 196883 643969 
479045 467839 500394 606177 
272825 623186 809426 824119 
506626 319955 461747 76800 
831967 394895 4004 22725 
528950 650072 299282 744329 
761574 595619 305135 181985 
208222 632996 662618 715069 
582429 55515 462998 507744 
494006 841271 867839 140392 
666979 534163 10305 581013 
248126 365888 639198 61336 
202784 121652 505061 284342 
583730 244336 253919 834244 
127593 153586 100377 414865 
848526 89086 26126 15098 
228156 741666 864504 45198 
872296 742575 356987 50159 
731562 244155 127440 742141 
388938 212000 369266 94590 
721035 139831 809108 347481 
42542 35519 346029 369273 
628528 512612 490302 45444 
45646 83521 649714 165030 
479140 551994 250675 598882 
525170 860819 490844 240626 
117664 491323 344241 72369 
562654 171144 705732 381798 
412249 251865 535258 43374 
17513 328888 768939 776062 
47394 410342 447094 37608 
788402 113028 779962 166007 
178426 115047 743823 759847 
74177 168812 749329 859416 
87855 485202 699312 701841 
626171 491771 881981 648819 
685388 453024 628101 613096 
361755 773349 63085 18144 
468604 431507 219638 520162 
576605 744330 734133 343032 
182673 728820 404757 293836 
631125 513294 728552 410406 
437552 207082 797464 192595 
228105 425936 842970 100156 
721401 246401 345920 161020 
74811 774274 723205 475838 
129954 872244 179297 555035 
26027 247916 299419 288834 
308180 635021 340828 408880 
434731 487046 160373 535707 
359475 119195 839110 151949 
607217 493789 765892 571634 
691883 95458 207234 763003 
500297 41319 515389 55107 
508380 826164 697588 878518 
425648 124134 242232 197214 
174336 37756 561503 342683 
592506 77285 369844 586435 
537928 309441 652439 71993 
140837 753852 796257 887430 
614368 626203 785659 151713 
752203 419248 399415 368477 
720219 470356 562724 672621 
483983 54997 319189 357830 
71664 735694 139540 69237 
88737 65357 600575 512807 
663157 91239 313868 746960 
255791 836375 631471 409305 
683572 632187 523391 360699 
385185 671939 224603 217950 
647135 798641 261128 651059 
808464 851396 656674 391367 
776898 399309 591034 879285 
839357 23304 543914 792193 
286261 470620 656724 675193 
335279 66437 466560 664550 
336834 349653 214469 67348 
381479 728137 870084 264400 
256132 732003 836448 592229 
677301 542839 734825 633493 
489067 533840 792906 707708 
453808 153572 707997 590724 
518772 16670 777547 549693 
689772 423930 635141 353031 
255315 290346 806955 597448 
338198 161648 156647 22079 
427620 325221 757194 809644 
22324 66236 257613 251558 
612356 280144 363850 715523 
415538 177180 404312 602129 
379381 50719 674992 641997 
404370 102848 108311 446698 
38703 865044 395414 885288 
152133 368989 33699 236920 
411476 786709 503432 185629 
589202 25373 9612 660117 
67403 216706 799092 872443 
127734 716806 655548 718680 
630135 98692 73193 358014 
309443 277618 826090 777190 
781263 466595 132326 847153 
229508 99972 110708 631166 
263430 826144 539615 29836 
765452 410246 29994 227874 
250574 373455 230126 764418 
401274 320869 475788 141631 
98149 723180 796285 496384 
65255 46040 168856 812843 
135795 713462 210131 327641 
406726 269187 228004 344421 
181312 663214 72768 1372 
639055 666385 135903 439776 
283780 328715 509953 823098 
650046 53620 449078 42981 
461751 832593 774603 147684 
303273 737270 218651 853349 
39714 100933 242958 262021 
671950 85806 184222 491108 
20964 606961 811230 445264 
432220 572561 258099 8217 
840123 743303 123572 662413 
288938 434758 171430 251056 
375686 472618 692581 356952 
711080 672100 336923 692610 
878328 348194 237376 241341 
245435 517093 51696 847861 
521987 627523 834625 578907 
823084 292339 42149 60058 
654620 479016 841715 447155 
636267 648258 603698 572994 
394173 763396 690624 413980 
209545 68005 343391 684567 
649470 274228 397615 524690 
3600 624604 509014 684244 
287014 24781 222728 71369 
737264 77584 777641 518769 
504043 318466 415893 587559 
741011 299062 618738 427087 
806135 383493 642140 146475 
530346 308660 143656 491379 
749456 178313 164925 381821 
413737 622465 39951 126426 
360774 356576 521190 212425 
56137 277280 574886 238754 
25380 718241 123948 588623 
246178 501309 345180 261981 
787203 37441 631943 80648 
438993 731607 322994 474294 
850496 137069 255283 179861 
440347 219487 476666 752112 
126814 764679 95974 600864 
230769 9851 177434 271142 
655061 667584 751972 888985 
578630 85239 265216 129745 
492119 341564 711632 381180 
874400 240733 323696 413044 
251673 186283 887948 484437 
594470 48270 178517 352214 
577555 480951 717048 107657 
769462 198086 104340 883573 
626583 750247 734690 532246 
63156 50757 682053 388005 
459698 418019 868887 320513 
599454 568921 35927 33225 
728507 562329 67558 5598 
462900 796059 55809 16459 
720436 706026 96068 758780 
7303 687735 672089 434735 
716726 79686 465620 420206 
520965 40660 481496 329438 
338572 59258 174657 820616 
864939 599801 352786 418443 
246851 842277 144432 174758 
2346 377797 198535 416775 
831570 743697 68147 132034 
854844 460960 501647 488972 
338357 813685 370749 137202 
409960 695854 400101 510946 
387512 702042 231291 58742 
417448 272113 207506 168952 
536892 283492 460748 289045 
366503 833120 459315 67073 
148632 509417 327195 648229 
346365 819043 19586 521530 
559887 573085 446614 875861 
210134 466025 420529 608680 
237251 463731 592749 115856 
320427 244332 578009 774983 
817098 861317 726005 507829 
150109 804414 234270 782464 
233526 198283 84363 733639 
37354 406939 756988 66151 
205172 342567 692762 166522 
231045 177849 755107 445145 
315318 826595 321502 169552 
876877 507561 559560 592054 
716626 561132 463732 886317 
577203 197894 53918 578785 
460161 379049 756168 404092 
537715 642778 218216 378051 
642258 56255 279161 69914 
878165 369640 429571 377543 
464578 770720 650833 227869 
682008 215515 129607 628046 
844005 730460 146068 514673 
63503 483875 671365 409680 
324434 298463 32339 29572 
545645 38583 126268 31666 
395057 289052 356636 476016 
712327 166366 206581 350017 
350453 708999 851735 624384 
75464 212309 197991 104841 
136245 246329 597932 80503 
344692 413837 809635 82970 
440642 130472 721448 795096 
480144 582434 88971 832200 
340336 605094 169121 883299 
639036 397154 740245 125308 
52323 187024 175022 410388 
780878 304554 324694 748697 
30050 799658 23196 864063 
423477 714453 396233 629474 
692553 90748 262881 487147 
353770 608469 642440 193775 
49684 737719 122646 295524 
703523 438717 625150 602395 
351804 878320 211517 587267 
28479 375357 865332 565571 
728823 544886 615527 211528 
646264 238944 159008 622040 
852256 642779 406624 830507 
510455 71502 257416 328827 
639495 743441 618567 33478 
436794 23216 319869 93060 
847202 499247 885897 674812 
639127 188422 832854 24894 
701590 608147 26455 185872 
157902 302206 75764 155054 
182957 35197 528234 197279 
438338 647783 557432 105529 
449279 85980 783599 107385 
179788 464374 629283 631836 
742224 585360 239550 260231 
380151 618969 398960 885228 
422703 778948 134233 457644 
774543 108088 135252 99660 
93142 238393 257194 109672 
440866 174699 728680 288601 
326243 636453 458970 26912 
848622 867813 342166 373310 
313673 739698 429913 344326 
553207 178790 511586 124215 
753911 261080 652873 174896 
62744 41578 288848 733504 
303211 331612 251429 798121 
103475 383988 204450 770698 
688871 424590 95457 391642 
533394 405770 428182 527818 
416922 155292 791863 634203 
646546 20419 35675 721164 
685214 478433 666640 631449 
762977 170211 758542 196758 
429304 322370 223342 644615 
158684 456970 339424 696647 
435829 338314 201253 391139 
841603 597271 409631 84625 
9068 59005 141906 548378 
601754 342127 725793 98783 
639791 647420 861704 317454 
719070 417927 415722 296624 
780668 738850 57080 399040 
151057 789127 608429 6212 
536413 144338 274113 130874 
356934 734021 577366 773471 
463335 681510 159458 631360 
862144 167204 492641 580943 
334323 806055 887072 704335 
498327 665138 568617 766244 
161146 239059 359093 467500 
515763 247277 821269 548005 
507071 320491 421040 580172 
304317 599737 343609 787469 
239870 23721 644441 608008 
367429 828212 62009 265296 
587176 303623 581059 300691 
589091 662252 649552 264707 
83667 782909 517082 456124 
548730 704708 266165 315384 
440380 554810 710629 593683 
763700 136061 543414 721808 
324719 304669 271451 650032 
763828 650588 715654 386919 
28735 5445 146262 322486 
471610 73654 204919 754265 
314391 855020 521796 148796 
264231 761235 317681 359619 
241971 357692 637415 179800 
819308 122502 520358 479960 
486262 368666 545356 806918 
86560 274992 339983 798131 
53666 173649 118360 840419 
356055 376595 852922 809084 
843297 793121 460331 702987 
671008 616072 547525 174527 
351661 511397 387752 694791 
114150 573292 218002 101751 
617852 122155 111010 206434 
521801 874405 523962 208888 
457563 452864 172780 108475 
769568 691537 700012 394369 
341603 389026 659927 396183 
274428 422581 593297 338896 
363101 261019 783638 860922 
399058 429680 165558 608572 
453637 310262 375737 417178 
451453 684161 666391 144764 
420055 362681 130744 752179 
180618 621396 410892 713998 
447132 2962 298085 783055 
330250 576461 340227 153509 
361479 199875 67367 724527 
868286 233501 779132 458671 
4227 226034 820794 862897 
