447950 171613 849406 512164 
455426 105176 678221 93953 
569470 607497 294062 573930 
554834 434716 846473 30950 
233091 9495 428374 791537 
611214 455285 216266 606784 
20736 55031 165441 645033 
317544 607538 781724 657360 
179004 407473 704697 727445 
11719 293660 843772 406007 
780177 397420 860650 750619 
202730 459900 47961 701555 
45567 292446 756149 303884 
699592 171796 259796 474861 
301030 169491 46128 871149 
382266 845532 157435 748251 
686424 477163 243756 260319 
800246 660921 693944 744243 
544477 748018 496341 838999 
817578 735764 610770 595786 
472545 668605 468757 765555 
824922 378024 890364 72735 
574372 6218 233192 799499 
793761 304370 116883 480064 
254332 818809 116975 356990 
831143 145244 684133 859037 
32223 33536 132875 38576 
120816 236361 116958 36536 
615725 485847 180991 555264 
588938 649105 812738 369039 
430664 187695 483440 449884 
737704 689592 383552 119631 
497039 75334 82625 326359 
877816 226385 203578 482000 
855294 275077 499055 428840 
671343 854175 687596 260216 
425844 14673 200572 596104 
278126 438757 400588 547411 
162993 710940 201057 71821 
706872 101098 472595 476588 
619384 374264 395317 487873 
383625 690391 57100 809256 
520476 605577 488799 679004 
327814 81546 181893 74643 
117579 565906 870966 405989 
602777 144872 689996 245994 
157003 506936 782275 647763 
278531 580221 511097 783026 
302859 11324 422811 262476 
601522 274643 437101 432076 
782353 785538 742634 338216 
110087 285946 444393 845690 
710618 133093 256752 608498 
742254 761654 580001 367514 
253045 153887 696652 705348 
374293 811885 276254 265687 
616068 457455 798180 176783 
326861 629284 595016 668650 
834279 20214 117984 83765 
23404 799991 18035 433462 
199363 657012 653196 301673 
104452 798584 221559 273906 
3574 148369 623201 205866 
759718 219149 642424 681703 
272527 682191 74884 18113 
338024 373418 449905 69214 
483776 50134 719571 30301 
495832 523258 451711 721043 
611844 192804 232312 695866 
734338 416521 285497 821810 
407229 631677 319707 604534 
236335 667247 860890 171211 
29557 684440 462659 281441 
306662 631971 58773 158021 
355633 164429 809430 54142 
398646 744750 633789 372933 
872333 268009 262201 701095 
463963 125022 132559 409467 
212344 818661 321002 244709 
804053 588223 873175 750286 
869253 592721 543575 794672 
157226 801045 233457 16219 
10659 307268 631787 678475 
352062 842408 660952 69928 
169915 27349 403007 776300 
488024 472216 405328 464644 
268941 508644 877788 90351 
198348 134000 244664 257405 
653618 552928 46192 379096 
182730 533235 115666 852462 
29255 455227 58641 420774 
624128 159250 545000 17742 
702719 706158 361646 391964 
644495 256107 660756 693163 
335995 237543 81768 268850 
667183 738186 533573 807224 
261042 110005 267944 645398 
658838 357590 156395 22500 
868434 766818 102196 9269 
274856 95048 352848 832017 
211107 513142 233914 357135 
481973 840784 864368 194512 
180524 246874 43403 122325 
722549 159566 295712 330230 
399132 327869 398772 445545 
682456 548330 241970 42046 
94768 445816 264165 422797 
413612 657207 445604 188920 
708729 736525 332220 521654 
266756 38450 346866 518286 
494083 44008 210263 76983 
551694 661576 150273 750237 
451251 263481 231502 446949 
768134 156319 289757 56462 
794432 607322 885592 808175 
830388 35916 88413 175553 
65674 648440 618320 518945 
812023 139881 888263 755830 
606893 395610 513308 645244 
616794 361542 801886 766962 
822169 654255 707902 826004 
531730 655771 772390 280773 
590236 314423 500184 380359 
304688 50808 368832 509833 
605022 174577 595299 787172 
214115 526256 71873 194686 
259643 418451 608970 146409 
6459 350561 26809 211096 
221517 451418 485978 45102 
343136 594255 481435 299340 
286661 233688 408522 305479 
688500 622341 420810 750586 
115381 34092 844116 708844 
652998 603589 692486 571079 
358855 502708 401036 438722 
499501 405988 451432 844434 
96522 605084 887728 790230 
479071 814976 225605 575942 
724258 20354 72862 201064 
304543 824355 668237 574935 
282419 303724 785292 110481 
771105 675522 86282 332901 
501805 305752 76414 694750 
227042 509735 320714 570659 
280184 428237 426932 857849 
325849 460395 325787 81323 
219649 94753 601382 542168 
598277 764404 177385 204304 
529214 679389 61298 183425 
159284 169171 351307 30463 
259835 23700 69402 880762 
109442 395525 532636 652772 
115441 517060 712569 180135 
628075 745236 628163 713706 
397520 367898 276456 366292 
772757 804986 858874 370459 
88628 37409 363805 750112 
816202 338979 674609 884994 
255850 13807 850318 29382 
344276 101803 757275 331924 
528032 641130 396288 412440 
677264 480698 863594 360456 
769150 526258 525607 890126 
66441 433113 575916 276166 
239703 860050 726468 827104 
794666 473253 385024 736831 
717784 843669 34523 879466 
51325 608207 810082 258691 
284034 280889 8985 756546 
656966 578597 719704 517716 
725539 391997 755078 176675 
457084 594107 397132 206735 
131515 604689 713925 157304 
732433 705186 711963 634643 
538868 9426 618008 215518 
435742 512157 822654 291524 
87272 344509 815604 188984 
764925 504123 598924 385450 
474800 577345 519117 106048 
138032 636965 786506 593065 
867186 807176 198135 759573 
878344 291593 638647 582302 
111376 253104 144896 854240 
730917 361804 562081 164500 
716486 508097 558326 731847 
668195 89524 325375 488395 
530467 611174 231490 554073 
240894 439235 815767 722936 
594819 698022 741941 166841 
155750 761319 577648 127934 
34415 130184 222054 311261 
773612 304451 638771 376116 
434728 568878 167461 678535 
172849 202578 756335 876810 
434171 208872 760021 374649 
372323 874523 141671 412361 
409210 313166 862769 142966 
622249 617257 164032 120885 
503269 450792 66481 833248 
500721 385215 149309 273761 
847814 87371 360489 470606 
88524 466661 153295 640897 
314180 216470 306207 14011 
41979 662135 793211 469214 
670703 523955 187856 566270 
408590 484663 349483 79800 
44840 650226 455040 21978 
527405 505794 819148 438022 
395767 59148 803824 666709 
344711 251205 691255 363711 
236429 120258 398396 872738 
840420 525481 250348 586156 
825134 702608 407829 323208 
505090 34098 583078 787490 
142479 613765 682126 496193 
372386 522490 67213 28610 
92160 325207 487500 882714 
125043 754667 375527 27810 
765055 77720 189560 593621 
243535 597731 434864 581570 
304417 553589 73089 870696 
621334 395219 344417 10583 
30423 630411 779697 655469 
296448 471765 843279 174879 
63882 512092 671502 311380 
113083 370488 774796 690371 
296669 851525 83048 156198 
399793 292258 246669 20819 
803083 24674 875540 865205 
507263 850277 730541 56257 
227384 8184 860613 423398 
419801 8005 789665 774230 
343157 763720 871451 521659 
126385 419604 441034 451475 
590570 630990 805210 731505 
572896 704003 677688 233122 
696717 650081 449025 685647 
645967 752311 750730 62573 
201136 210050 462689 445464 
562741 488318 464561 754321 
811401 661824 80948 521458 
224152 450717 706351 75271 
845403 599525 851375 606170 
494975 690319 25598 474582 
867746 260876 582848 538854 
253593 78912 77663 232598 
574052 613628 575977 321301 
551825 59740 448047 286149 
79671 813407 151341 802726 
816185 624005 580253 531899 
90968 676561 559065 499725 
708898 72870 187632 192910 
18895 829391 775927 393271 
687950 793231 399407 700118 
509477 238164 538938 192319 
272186 710169 10130 448242 
328704 597369 123484 718286 
132584 112435 153463 173613 
612755 712295 589143 567618 
353552 801827 138818 632618 
408057 782733 838898 725697 
791843 247528 874073 705407 
14718 323170 316805 12192 
668808 701098 875939 642077 
133319 345194 777760 284835 
585202 429636 672233 490541 
177790 702288 336257 116741 
593804 237067 444946 191437 
848807 713618 58299 185148 
525996 167641 765073 592300 
579840 191289 415677 618177 
606166 704901 196072 139293 
831378 395909 9250 704066 
160633 18835 67688 512753 
77770 385269 541110 32834 
847198 422091 20840 875907 
43429 148591 776089 50600 
769180 326966 158224 136140 
259965 386295 570971 215748 
52074 872972 458541 235181 
34934 202239 92354 861149 
767123 91972 348838 554873 
774216 712522 227897 358725 
255151 457409 719039 65350 
267814 398791 151909 78145 
85535 333390 87528 818177 
555432 592269 550783 224693 
725264 143247 88234 718558 
122697 707896 285824 389747 
409114 760587 60891 481121 
676507 332339 819965 599818 
724032 190190 115306 182233 
179941 661351 274342 480077 
598825 716103 387424 217401 
647751 573954 432835 819562 
182021 764107 58738 217965 
122423 89969 800153 724322 
836898 646278 520518 359172 
770396 231908 572649 453364 
141484 10614 127439 714493 
859163 708840 757694 564271 
122539 786191 508842 184874 
312192 741450 602012 156659 
739741 608407 620684 231879 
381879 248785 635073 876443 
329715 444843 454590 421519 
130988 414506 777380 182441 
522783 592430 15922 486449 
864662 723079 596085 360582 
581173 279639 466948 748621 
557492 809451 214743 600642 
45320 581196 825515 203492 
608266 69244 263130 335759 
60708 69244 483557 620414 
595580 558420 508738 324251 
179284 425729 333663 660240 
392440 373799 324471 360403 
631890 581173 160753 653644 
35306 45803 872435 497415 
199102 358466 227014 417119 
452901 480489 121192 668438 
837651 59060 251007 703261 
362717 469811 76844 680965 
332147 587880 332776 190641 
434278 811079 381724 720819 
81148 52571 857199 438659 
376242 18956 231419 715113 
340593 760123 195081 384212 
466146 60287 23965 60525 
764810 241622 630073 293936 
340961 826227 564826 101032 
319785 861288 105220 601911 
305370 277595 635916 881760 
625687 745673 339393 388188 
55597 286631 193362 483357 
155629 507753 127370 276809 
83904 642653 383996 18153 
478785 177691 109223 676699 
600489 261817 91883 515852 
211170 299296 871406 308901 
452747 844132 336947 351388 
175779 441682 856674 626358 
430770 574858 741266 117250 
12896 190879 403008 319698 
570695 20195 249533 670367 
394795 452842 522321 286346 
276421 578101 57639 334668 
370640 321147 29226 307377 
467498 537247 93503 687194 
60894 621526 470086 670859 
472040 524556 41578 863107 
840668 88853 705365 510673 
663170 29427 827948 167882 
782395 530103 324338 182595 
224030 762530 422328 861647 
222477 770445 261658 52148 
190222 20579 54409 533765 
425800 576331 371665 290279 
20886 578254 212750 332845 
289968 352046 806327 100434 
4994 538744 827860 886091 
41147 522915 294542 520287 
394908 233995 757893 689569 
228343 558272 614430 436862 
731076 615830 400506 61849 
548154 575534 378764 516605 
54028 71546 559686 33937 
120094 102958 453937 784794 
434819 301024 816768 447602 
776811 780653 204816 591569 
843986 297415 460877 720919 
364661 344250 529157 587714 
773220 684297 418474 495744 
181630 671394 667126 103924 
563209 842971 830191 131387 
18861 186351 758838 861150 
508952 16616 585412 551659 
666048 671937 160850 555126 
454178 409927 399417 342156 
188612 347540 569158 147399 
481860 679750 68972 45678 
616838 617088 352992 626000 
500687 64957 278616 126650 
607563 30310 128099 82520 
34457 237400 334276 149478 
477513 556022 779149 880283 
715885 217674 773950 658131 
32109 807552 48854 566514 
24098 652216 573391 28647 
666080 266641 313942 393840 
687748 868672 779660 150874 
58120 827105 317649 87402 
222381 625031 230038 2761 
255675 829993 641914 490993 
736881 107320 808538 779354 
464482 755257 626552 634557 
729580 743207 384115 438149 
217792 24060 444364 746995 
848849 177261 552496 250497 
532928 256644 591758 624144 
806679 807800 699166 312232 
734676 526442 715889 781413 
791611 833303 195949 126469 
783028 784071 460997 94493 
866298 89351 452229 121052 
117204 387188 418220 475638 
834626 265869 696805 624650 
149129 174094 794416 197408 
725614 124766 630762 438865 
139405 551155 423750 26005 
55216 181598 81038 456637 
682207 430125 867660 175521 
683785 822318 378101 176802 
636815 206944 159824 565695 
577800 270894 881513 504990 
215595 273770 823495 154300 
13438 16355 460792 442247 
854552 6532 145152 827149 
626893 538129 647397 134209 
537916 246829 14999 816433 
610112 299584 327038 425462 
801334 586081 8888 132398 
305261 492416 559684 807150 
664931 240904 656240 869205 
682574 218260 345678 378559 
389336 540931 481814 179072 
26301 272792 853005 557825 
550336 469790 662511 80343 
113488 517790 302083 575941 
52911 542785 369367 522986 
290616 385975 473773 510527 
75588 9133 215699 92832 
192171 313870 582149 598205 
322214 538243 61676 690295 
783683 455026 516015 676316 
202479 370703 203781 461399 
200207 409551 529736 173427 
432010 786824 732384 798047 
801013 469125 79058 207466 
168248 262109 7442 244536 
549327 43046 341108 524104 
735006 573470 15457 248603 
314887 404534 390375 569770 
176861 676649 319347 269810 
815180 592832 481110 420120 
646513 811445 843652 668917 
788921 144257 500440 648755 
736350 123349 336584 635959 
596692 295823 339594 842580 
643080 348004 409871 465745 
809519 639879 422070 185317 
686914 876242 813932 415153 
760641 557063 18521 180901 
818630 614183 398142 628161 
40771 736913 427404 505706 
858851 324875 134838 119608 
261141 432115 647014 163363 
760616 144462 750609 662723 
86011 193104 883341 429668 
723906 597449 772576 756453 
129747 43327 790002 304649 
354141 779326 69516 417090 
680228 511897 344278 496797 
867278 390686 225711 510036 
6707 248172 112880 727791 
838046 621318 395553 135261 
76612 304193 735884 499360 
306747 314875 192185 468082 
838674 516511 251381 713514 
541049 703397 195743 583352 
417084 375875 811081 284968 
490016 153211 840000 459097 
812101 271858 585642 350667 
688738 650540 443659 369444 
815914 556072 803335 30828 
874110 432336 495958 107829 
548347 796465 246459 45842 
477278 38910 762753 119188 
237484 84119 368605 225883 
613565 506893 883854 4687 
141268 285222 13971 646675 
693916 242466 481709 791636 
563985 281698 233045 67616 
364027 383512 739900 60537 
87293 506442 604356 831269 
40643 756580 690558 717695 
737708 756049 457912 520800 
252389 505180 38684 587807 
276291 862092 144376 181885 
762400 542294 427232 841899 
829153 74373 788242 611410 
262324 561383 330369 573734 
249285 358429 335960 646134 
250573 603981 526252 398388 
262291 336104 10073 265449 
134673 356138 136845 537395 
297034 729208 240205 169645 
617925 762981 881832 110296 
442061 558435 152580 187725 
459538 5458 280785 309943 
586082 349596 334068 227920 
399978 512652 141196 115109 
615294 821557 117626 690291 
537589 714852 343425 210269 
697660 44844 97045 262583 
779775 471986 394782 433604 
717269 29064 118137 63405 
179768 473416 826299 151240 
693992 5671 784150 261233 
823067 216978 800082 855277 
670667 681403 341136 87316 
743985 350806 75777 266443 