685568 464631 664504 779909 
283023 525418 298319 742339 
503910 745457 575217 350764 
651624 847385 525218 23191 
629466 866053 177506 232661 
710884 814782 354549 19065 
588642 316358 538839 158148 
367790 454617 61304 320090 
184896 663038 38426 151063 
662886 317425 530764 566905 
20800 443397 170732 803826 
727161 826463 231403 585146 
37187 452426 327007 425249 
818140 295354 778326 488568 
50618 378237 866117 866387 
807654 495171 552131 717705 
747434 848107 96201 151776 
204380 493980 89343 43865 
582891 552734 453143 704756 
51650 676176 378785 870675 
815542 259790 344213 504291 
30715 732039 570862 773245 
211576 602630 69158 6043 
725930 152285 570190 343346 
168712 31790 229770 857589 
191231 274340 243567 602284 
303752 821749 340315 109986 
566603 25458 316604 821054 
435381 287753 406260 99475 
147073 775439 349670 134365 
254550 159909 179486 604726 
134546 623236 8226 620160 
248620 758383 600946 716431 
856286 707228 217328 88707 
186112 690926 150265 857693 
438325 77586 76668 645936 
841968 230930 89206 88524 
795007 445609 309860 15480 
484258 650311 741338 51894 
781300 489071 688772 402671 
664332 611582 207878 23120 
88913 630190 868775 696039 
43946 280382 716473 623970 
816483 12217 160491 866514 
156762 71341 657891 237821 
70043 838202 347004 770778 
275770 274438 248868 162854 
292136 178198 419997 817230 
493483 380 29553 313524 
374654 250215 805397 655869 
263845 763435 655705 850577 
519065 532361 568570 635923 
46222 34824 832019 155611 
453639 638888 886233 330445 
55197 314655 457822 237959 
593661 838900 588908 461598 
308856 444605 385011 99886 
860082 120632 813832 443844 
132784 495467 3250 563776 
534912 347475 514002 354342 
225907 90859 200005 110078 
90026 604730 365267 616240 
349110 647773 181749 349451 
670660 358833 234817 634704 
164023 245451 79795 268218 
488767 434155 817444 63880 
620958 298903 868952 602581 
216258 751157 553166 11572 
65896 518654 506461 101187 
202768 202940 776618 376320 
638822 472773 277730 439717 
196322 851002 759500 33554 
514873 346582 787367 696184 
487169 676666 553714 612924 
44265 63102 316377 441834 
340780 370968 33406 577632 
32448 357572 691348 837067 
391253 718404 259683 565103 
786992 767034 222842 486127 
454460 530497 56962 470247 
22280 872822 41312 221172 
547677 439930 462521 276911 
178892 426266 778436 590454 
516613 399074 102177 834322 
635301 627933 848015 35426 
841159 118975 523572 791230 
564363 666661 824886 724074 
558576 641865 642267 126719 
639475 863658 640963 242167 
120837 361941 524990 598500 
497098 192908 42306 16643 
399999 783010 132729 538300 
599680 290018 576666 775896 
683334 665654 780261 113359 
591015 479942 841750 410300 
504954 801279 819611 624188 
537216 216655 678773 825070 
818655 412624 168878 35108 
115399 781292 252825 573431 
570741 768079 592998 47601 
279316 852322 274192 846657 
235630 333930 507528 813120 
46820 748885 313934 462011 
223870 877252 652327 42022 
534796 354890 300398 431479 
347658 358482 763202 71695 
534841 18979 326809 754704 
357020 827699 96516 329135 
601212 16119 448000 505828 
675825 529919 417240 651098 
554623 827123 461702 682739 
8601 113634 421237 126677 
736565 447713 141126 525348 
95733 325136 69916 272176 
690668 133329 114089 299399 
626201 314282 677974 292388 
391108 497754 598993 169877 
81193 692376 536364 774379 
371641 88880 486033 886777 
859297 335807 384245 223404 
287157 340909 755854 175684 
565982 864347 286043 81631 
318122 228727 367327 819700 
595885 15380 138014 338733 
697118 396678 296240 504814 
256538 393385 848395 665921 
360264 399379 345372 152129 
286291 146162 709982 314817 
760435 800373 362480 478888 
236662 290619 235900 287083 
677040 514409 239856 369861 
680745 874314 501971 840959 
839573 758437 387842 43223 
649814 254257 120063 762102 
389007 337888 600698 412626 
441540 663372 365091 477595 
110125 113152 201161 71358 
216586 63025 17113 618807 
277718 727959 647285 73888 
803010 31624 260795 440334 
289381 868283 349696 524533 
379900 576181 576265 195975 
377556 387777 378542 842996 
255015 631707 32697 791698 
645041 328384 145874 209050 
148542 117390 8170 435583 
217578 84541 326774 725231 
166724 624568 584951 857714 
240792 160176 25060 643500 
674717 189779 116922 885573 
831346 297253 300111 732090 
241951 629567 506568 406757 
823572 736605 94168 250913 
382331 762924 52666 754000 
873942 100937 247033 128224 
560299 751976 234044 621860 
167325 150073 549757 830130 
301320 606948 154982 694602 
33771 471021 717252 415035 
208630 177956 22820 433651 
318298 856081 249060 513085 
248831 570654 391421 798444 
603715 64944 456396 641209 
252496 670722 731661 576633 
597383 141582 50236 355130 
260137 836033 627113 739882 
437114 91062 652876 34545 
775393 44457 771945 617881 
29614 384108 271648 56834 
679348 761219 873451 357753 
651831 315938 217980 203869 
662815 224041 307540 40202 
38013 346524 574962 874445 
531532 112226 726636 363503 
66218 206658 663324 194982 
813462 43073 42202 729720 
427889 734753 647811 167252 
167292 668820 827759 525887 
1837 279911 810378 6826 
428744 206348 539696 632368 
598301 311891 250833 82771 
861938 865692 73091 346023 
675133 124947 524405 568495 
227413 714719 707276 613317 
171154 850470 885823 551622 
503405 783224 389273 86117 
110210 712946 685270 2372 
516254 866795 320942 576626 
698180 114294 368297 470790 
690779 39122 457069 679521 
89540 367951 725426 361396 
337640 185640 186998 54246 
354982 173921 361636 231583 
731663 83741 654053 170429 
370725 625142 140841 815150 
735627 846291 316942 784939 
850780 184674 621915 808943 
474501 167537 157852 772850 
692333 232628 547751 717363 
183669 443141 681875 194456 
703955 678544 674326 389236 
484629 129648 850086 335004 
825534 856992 617793 258595 
730806 452767 879093 447903 
41366 636754 588037 718466 
25811 262663 619917 128108 
737332 334279 191646 233844 
349790 714878 341949 650664 
439518 693688 273833 424468 
574437 240031 738728 832543 
827283 838595 863704 126629 
638056 123267 801146 741982 
538917 254418 653556 251642 
145701 35908 365532 822950 
66973 57239 460479 257122 
799022 536886 261315 402603 
615807 56166 627409 256902 
230832 718782 106470 65184 
155707 12503 812809 792304 
72562 167287 341394 759496 
388745 779512 169731 154671 
399027 381211 594135 503245 
834518 809623 245433 216087 
626968 393998 720576 493506 
239719 217278 819348 193809 
78270 803135 886678 516200 
384438 288860 134596 146256 
215038 122669 53697 40154 
471943 671191 747335 842120 
281412 359226 170187 728904 
595956 579873 136195 127526 
658380 694144 531368 306617 
158453 40063 263663 781201 
200504 128787 307711 626704 
508251 414919 505580 292887 
718224 91087 612063 414749 
5945 567675 206295 38031 
150225 813821 449150 6812 
313095 426124 374587 318663 
63141 395808 587012 595645 
497060 304186 211716 753114 
562365 116812 817529 591655 
330430 418483 135847 129668 
699230 8349 508891 763941 
679496 192029 334468 276681 
579857 546828 343276 192119 
212509 245424 189824 283491 
668676 179086 120098 835307 
355796 299934 725637 510229 
1021 109093 842357 575938 
554691 721405 124580 783307 
579365 209847 258666 238112 
191581 227214 75563 112669 
728317 233846 360578 264308 
378343 588718 224268 411202 
258927 177939 362231 214273 
822804 36469 167713 804538 
90155 347014 254178 868404 
523691 734632 827622 680315 
430474 403735 157965 90224 
178472 640869 671168 599122 
150842 820844 461306 681524 
615815 95473 824026 721212 
300119 412357 63137 83534 
560614 129833 820270 551637 
488892 75444 814120 544830 
675577 262859 267823 841404 
285781 132740 700282 841359 
186999 106652 606973 763235 
710296 302927 534382 872786 
391111 60228 601019 705820 
160532 272782 560067 499357 
709156 820786 356601 703215 
569881 310293 23044 414171 
152488 878302 462893 337273 
197742 608878 591055 152607 
820197 835696 815565 690405 
841188 468496 360731 861790 
173881 159745 178601 750501 
130000 843792 721712 687161 
572227 285700 152677 203419 
59668 312312 484058 867120 
272956 293232 813830 741997 
376771 865867 222207 517115 
333562 799718 568596 804124 
257198 658762 749304 56871 
581824 664380 640132 208280 
609272 553810 502280 865211 
762998 60706 466787 136664 
516459 773980 243765 857870 
178884 760925 804951 266517 
236819 785167 69075 409640 
57443 149424 208837 360097 
199375 635959 413307 632600 
179764 344612 322141 650475 
537367 443249 567844 803370 
175245 119097 365664 258881 
185168 312288 430570 711501 
314119 277111 126319 840068 
523592 227965 620315 468285 
835359 294245 121117 535975 
159721 99002 628852 567677 
564093 148074 14181 404177 
78916 153979 171329 187966 
15151 403381 180041 737660 
55901 618378 467088 771331 
600874 410738 886810 783936 
782427 593479 11357 781286 
604028 540391 461351 800829 
61929 681225 351930 449001 
653876 454745 388623 67185 
641287 667815 257844 659040 
700193 270896 97283 135501 
683681 776983 358705 324747 
290301 41172 851707 630247 
858006 346811 37124 462356 
484538 388100 592906 271290 
236345 576911 595745 353028 
858111 769378 522225 217290 
602534 62148 753702 743265 
783125 401075 874930 835465 
75376 384844 64341 702076 
613949 373382 36156 671313 
846340 576136 399471 653042 
876310 58632 523846 700561 
503096 549069 175347 292975 
113586 593149 67549 306140 
92873 374075 426196 715359 
182126 521994 44273 264967 
76314 421322 172640 400560 
114431 428329 138983 779002 
90105 178463 876375 105741 
691985 118842 291013 829027 
348176 307707 361216 490989 
8826 117951 297229 807713 
876481 515669 614839 355655 
217229 660722 870644 638478 
526808 648292 146066 886336 
807227 697974 856005 373482 
83660 401871 655543 175655 
521529 749102 403652 176086 
513544 215674 494654 174340 
432435 146666 564385 867019 
105260 816490 879941 108267 
402227 153835 542566 888100 
9085 689202 633586 767547 
617707 410758 570309 136070 
667530 585857 863904 354581 
623254 244640 822927 663426 
797583 97134 276488 208704 
807350 695183 868111 385444 
743859 672449 267017 757075 
872410 18591 372018 275630 
463457 596086 784943 655507 
274286 34458 850195 527662 
527658 154899 286901 225171 
330437 520248 623706 216577 
610007 395923 774720 246138 
504413 683268 14038 575472 
39954 833060 233999 313618 
278271 836938 678162 851397 
224836 539706 571987 848438 
446323 573089 576305 88615 
62318 510222 835276 240467 
152852 86103 498563 283424 
454140 235457 392121 502672 
218245 127932 366935 278106 
64050 632095 27683 449932 
184502 80117 740892 58978 
42769 723021 842731 792167 
604702 359244 782614 855640 
684224 333154 94016 855350 
428576 489670 7153 481833 
221323 98847 459142 342877 
118381 244564 591380 183915 
337495 343026 862618 206787 
544056 873827 151844 219693 
78167 296994 79522 442555 
528771 748937 848450 119249 
347495 438621 796013 742627 
611678 21752 828644 275683 
68293 129615 796621 577319 
463310 452522 542087 703486 
772781 734715 133142 213591 
149593 709899 211299 141962 
734613 689175 834654 245883 
335272 262165 735526 286634 
708365 63794 569351 593408 
392900 841640 795792 370241 
531689 335954 267154 248720 
651895 309007 163948 466410 
652141 308654 876225 293065 
324538 618622 393652 588136 
511120 251295 226495 24240 
336760 584731 151789 478983 
646098 855682 876003 10991 
545969 850499 577759 453247 
98995 223224 797298 347781 
345503 296975 435920 22440 
860099 269848 690186 750301 
574920 220663 589998 198962 
90868 819399 223858 857608 
361264 405471 641846 753421 
214888 232252 213627 888575 
408788 796786 709628 779655 
314658 768009 721586 886246 
779527 643 108463 807096 
72359 622265 272366 188437 
723161 832214 6420 20342 
344322 345542 248427 763725 
333354 640029 323670 390005 
93766 591699 300422 559771 
530814 520712 540482 399193 
669910 279919 626726 173713 
631774 478275 627477 715685 
118287 590135 396269 730403 
773769 847768 243221 375585 
345710 79448 601963 135416 
510228 184574 373298 237503 
104637 563208 514598 349119 
849951 287921 334018 392526 
430607 378210 419192 828521 
377392 296158 111885 637959 
724553 459685 210231 536621 
834389 748164 214347 714969 
454692 275152 246474 699538 
490457 420194 793541 616919 
610824 676663 267501 458927 
698232 522094 198353 878741 
600284 834588 390797 886699 
156567 564504 259095 518858 
769307 753869 653967 619326 
871556 690998 604489 622742 
703920 835783 610174 859786 
511370 728461 269420 51842 
822577 473902 45298 172081 
287040 666927 544410 508049 
245841 821622 623338 862124 
404950 415746 505687 701668 
35313 658771 197357 634539 
706802 20952 771170 570020 
591897 210898 95131 863607 
51042 770033 163405 675329 
392977 547620 536856 742134 
58098 800480 523222 800373 
832347 104355 463054 364926 
795895 186427 731142 441168 
347908 866369 673580 152240 
413785 253400 78726 534324 
248324 381322 252499 154305 
578310 437475 89650 222166 
392051 492082 254276 198832 
867294 704919 790501 169858 
840583 92798 731186 144186 
776364 806270 32193 876175 
57378 486482 419137 356572 
163535 395848 764440 233104 
1928 712577 470029 471263 
310220 633386 476429 545874 
203994 306365 440134 610491 
483816 253328 578760 661987 
685672 760786 580492 552794 
6599 861033 469118 121994 
597618 375513 721027 221888 
70060 189503 238656 91892 
878473 46523 610321 394555 
494466 200526 746880 353516 
875189 75435 841513 515128 
290167 816096 669938 842888 
696908 573869 680113 745134 
430703 605145 781476 290345 
793655 626993 113272 520081 
422814 662674 636441 336697 
129189 498066 890687 590588 
569743 6832 528498 380974 
72109 752163 762668 479291 
871655 467461 48091 763694 
616407 723281 427897 625949 
737798 288104 695978 416878 
348126 165954 383427 621173 
466567 860108 472712 234607 
249733 181375 106477 381995 
123236 780623 836997 806873 
612283 654828 525052 426757 
569317 209130 309520 68386 
79589 240109 458907 468712 
870027 789671 57057 219178 
147770 111251 518759 165405 
742310 417134 580933 232592 
680044 715994 706818 660998 
686558 6311 185213 370663 
721238 428629 191654 693139 
316767 165853 729552 477358 
860131 55043 78650 875746 
82961 168136 503803 292674 
268176 247994 97320 582835 
131905 458551 447236 620159 
21140 531181 554832 391244 
688401 827735 356885 97859 
489472 773484 873696 407313 
290724 587328 525705 458710 
840998 370589 794140 334221 
818759 71139 464585 194065 
448692 223449 96613 66630 
172944 153371 658409 518967 
87268 393746 638164 555399 
508102 393232 785067 238024 
267300 131143 54584 262319 
734865 531108 737747 730922 
214944 387567 487047 45471 
854646 586331 465389 646501 
66704 346709 255706 391518 