439292 878591 445436 890879 
878590 0 890878 0 
878592 878591 890880 890879 
878591 878590 890879 890878 
2 878592 2 890880 
878580 5 890868 5 
878586 878589 890874 890877 
10 878588 10 890876 
9 0 9 0 
4 2 4 2 
878584 878585 890872 890873 
878590 0 890878 0 
878590 3 890878 3 
2 878587 2 890875 
7 5 7 5 
8 1 8 1 
878589 6 890877 6 
878590 0 890878 0 
878592 878590 890880 890878 
878587 878590 890875 890878 
878586 6 890874 6 
14 11 14 11 
7 0 7 0 
3 878591 3 890879 
1 878590 1 890878 
1 3 1 3 
3 2 3 2 
3 0 3 0 
1 7 1 7 
878592 1 890880 1 
3 878591 3 890879 
878592 4 890880 4 
2 878590 2 890878 
0 6 0 6 
878591 4 890879 4 
3 5 3 5 
5 878586 5 890874 
1 3 1 3 
9 3 9 3 
3 878591 3 890879 
878590 0 890878 0 
3 3 3 3 
1 2 1 2 
878587 0 890875 0 
0 878590 0 890878 
878590 878590 890878 890878 
878588 2 890876 2 
878589 878587 890877 890875 
878591 878585 890879 890873 
878587 878589 890875 890877 
878586 2 890874 2 
878583 11 890871 11 
7 1 7 1 
878586 878589 890874 890877 
5 878590 5 890878 
3 3 3 3 
878591 2 890879 2 
4 5 4 5 
1 878591 1 890879 
2 878590 2 890878 
878589 878590 890877 890878 
3 878587 3 890875 
1 4 1 4 
878587 2 890875 2 
2 1 2 1 
3 7 3 7 
5 878592 5 890880 
878591 1 890879 1 
1 878592 1 890880 
3 5 3 5 
878591 0 890879 0 
0 5 0 5 
878592 878589 890880 890877 
878588 3 890876 3 
4 878592 4 890880 
7 2 7 2 
8 0 8 0 
878591 2 890879 2 
878592 4 890880 4 
878592 2 890880 2 
878588 878589 890876 890877 
4 878592 4 890880 
878586 3 890874 3 
878585 878591 890873 890879 
878589 878585 890877 890873 
6 3 6 3 
878589 878591 890877 890879 
10 8 10 8 
0 1 0 1 
2 878588 2 890876 
0 2 0 2 
878592 878592 890880 890880 
3 2 3 2 
1 0 1 0 
878591 878591 890879 890879 
878584 1 890872 1 
878590 5 890878 5 
878591 12 890879 12 
4 878591 4 890879 
11 3 11 3 
0 878592 0 890880 
0 5 0 5 
1 878589 1 890877 
1 878591 1 890879 
878590 3 890878 3 
1 878591 1 890879 
878590 878585 890878 890873 
878591 878589 890879 890877 
878592 878591 890880 890879 
2 10 2 10 
878579 5 890867 5 
8 878589 8 890877 
878592 878588 890880 890876 
5 0 5 0 
878592 878591 890880 890879 
878588 8 890876 8 
4 3 4 3 
2 2 2 2 
878585 9 890873 9 
4 878590 4 890878 
3 878592 3 890880 
2 1 2 1 
2 878591 2 890879 
878590 878583 890878 890871 
1 878589 1 890877 
1 6 1 6 
878587 878591 890875 890879 
0 8 0 8 
878592 1 890880 1 
2 2 2 2 
878582 9 890870 9 
0 878590 0 890878 
878589 878592 890877 890880 
5 878592 5 890880 
0 2 0 2 
2 878586 2 890874 
0 0 0 0 
3 878589 3 890877 
878592 2 890880 2 
878588 7 890876 7 
4 5 4 5 
878587 7 890875 7 
4 3 4 3 
878590 878590 890878 890878 
2 1 2 1 
878590 1 890878 1 
2 878587 2 890875 
0 878589 0 890877 
878591 878592 890879 890880 
0 878591 0 890879 
6 878581 6 890869 
4 2 4 2 
878585 878590 890873 890878 
0 878588 0 890876 
878592 1 890880 1 
2 5 2 5 
878582 5 890870 5 
8 0 8 0 
0 878590 0 890878 
878588 878590 890876 890878 
878589 878590 890877 890878 
6 6 6 6 
878589 878586 890877 890874 
0 878585 0 890873 
0 1 0 1 
878588 878588 890876 890876 
4 0 4 0 
878589 878592 890877 890880 
2 878591 2 890879 
878590 7 890878 7 
878591 878582 890879 890870 
3 1 3 1 
878587 1 890875 1 
878588 878591 890876 890879 
878589 878591 890877 890879 
2 3 2 3 
4 6 4 6 
878589 0 890877 0 
878584 878586 890872 890874 
1 3 1 3 
2 1 2 1 
878581 6 890869 6 
878584 4 890872 4 
3 1 3 1 
6 878590 6 890878 
0 878592 0 890880 
878591 3 890879 3 
1 6 1 6 
878591 878583 890879 890871 
1 0 1 0 
0 878592 0 890880 
2 878588 2 890876 
2 878592 2 890880 
1 2 1 2 
3 878586 3 890874 
3 878592 3 890880 
3 878590 3 890878 
1 878591 1 890879 
3 4 3 4 
878590 2 890878 2 
878590 0 890878 0 
3 0 3 0 
2 3 2 3 
0 5 0 5 
878584 878586 890872 890874 
3 878589 3 890877 
3 878592 3 890880 
5 878591 5 890879 
0 4 0 4 
1 4 1 4 
878592 878588 890880 890876 
878592 878589 890880 890877 
878590 3 890878 3 
6 2 6 2 
10 0 10 0 
4 878590 4 890878 
3 878591 3 890879 
878592 878589 890880 890877 
878592 5 890880 5 
3 878587 3 890875 
878591 878585 890879 890873 
878588 0 890876 0 
3 5 3 5 
2 5 2 5 
2 5 2 5 
2 5 2 5 
2 878577 2 890865 
878589 2 890877 2 
878590 878590 890878 890878 
878590 878591 890878 890879 
878588 4 890876 4 
878584 878587 890872 890875 
878587 878588 890875 890876 
878589 878589 890877 890877 
878582 7 890870 7 
878589 878583 890877 890871 
4 878591 4 890879 
7 0 7 0 
2 0 2 0 
0 6 0 6 
878591 878582 890879 890870 
878592 5 890880 5 
3 4 3 4 
2 878591 2 890879 
878586 2 890874 2 
878589 878592 890877 890880 
878592 878587 890880 890875 
5 1 5 1 
7 878587 7 890875 
7 0 7 0 
878591 878592 890879 890880 
1 878591 1 890879 
1 4 1 4 
878588 10 890876 10 
4 878583 4 890871 
1 0 1 0 
5 878590 5 890878 
878586 2 890874 2 
3 878590 3 890878 
1 6 1 6 
2 4 2 4 
0 878591 0 890879 
878592 2 890880 2 
878590 1 890878 1 
1 878587 1 890875 
5 878589 5 890877 
8 878590 8 890878 
878591 878591 890879 890879 
878592 0 890880 0 
7 878588 7 890876 
4 878589 4 890877 
0 7 0 7 
878589 9 890877 9 
3 878585 3 890873 
2 878584 2 890872 
7 3 7 3 
0 878587 0 890875 
878590 8 890878 8 
878590 0 890878 0 
878591 5 890879 5 
878583 878578 890871 890866 
878589 878592 890877 890880 
7 878587 7 890875 
7 878591 7 890879 
4 10 4 10 
878591 11 890879 11 
1 878588 1 890876 
1 878589 1 890877 
5 1 5 1 
878589 6 890877 6 
878590 878585 890878 890873 
1 0 1 0 
6 3 6 3 
878588 878587 890876 890875 
878591 878591 890879 890879 
3 878592 3 890880 
2 878587 2 890875 
878585 878589 890873 890877 
6 878592 6 890880 
9 878588 9 890876 
5 6 5 6 
4 878584 4 890872 
878590 5 890878 5 
1 4 1 4 
3 5 3 5 
878591 9 890879 9 
0 3 0 3 
878592 3 890880 3 
878587 1 890875 1 
878589 878590 890877 890878 
878589 878590 890877 890878 
6 878583 6 890871 
6 8 6 8 
8 0 8 0 
7 878588 7 890876 
1 2 1 2 
3 878592 3 890880 
878590 878588 890878 890876 
3 878589 3 890877 
3 878587 3 890875 
878588 4 890876 4 
0 878589 0 890877 
878590 5 890878 5 
6 4 6 4 
7 878592 7 890880 
878589 878590 890877 890878 
3 5 3 5 
878592 878583 890880 890871 
6 8 6 8 
0 878590 0 890878 
2 2 2 2 
4 0 4 0 
3 878588 3 890876 
3 4 3 4 
3 878587 3 890875 
1 878585 1 890873 
878590 878590 890878 890878 
878590 878587 890878 890875 
1 878589 1 890877 
878587 878589 890875 890877 
878586 4 890874 4 
5 5 5 5 
0 0 0 0 
878587 7 890875 7 
0 3 0 3 
1 5 1 5 
2 0 2 0 
878585 878592 890873 890880 
4 878590 4 890878 
878590 878587 890878 890875 
878591 4 890879 4 
7 2 7 2 
0 8 0 8 
2 878591 2 890879 
878592 878592 890880 890880 
5 3 5 3 
878592 6 890880 6 
878591 7 890879 7 
3 0 3 0 
2 878590 2 890878 
878588 1 890876 1 
2 878591 2 890879 
878592 878588 890880 890876 
878591 878589 890879 890877 
0 5 0 5 
878588 11 890876 11 
878589 0 890877 0 
10 2 10 2 
878588 878585 890876 890873 
2 878589 2 890877 
4 2 4 2 
878591 878582 890879 890870 
878591 0 890879 0 
3 4 3 4 
878588 2 890876 2 
878583 5 890871 5 
4 878591 4 890879 
878591 878592 890879 890880 
878592 3 890880 3 
0 878587 0 890875 
878587 878592 890875 890880 
878584 878592 890872 890880 
878591 878591 890879 890879 
878583 878589 890871 890877 
9 6 9 6 
878589 878589 890877 890877 
12 878581 12 890869 
3 0 3 0 
6 2 6 2 
4 0 4 0 
878592 878591 890880 890879 
1 3 1 3 
878590 878588 890878 890876 
2 7 2 7 
4 878589 4 890877 
878587 878587 890875 890875 
2 1 2 1 
3 878587 3 890875 
5 1 5 1 
2 878592 2 890880 
1 6 1 6 
1 3 1 3 
1 2 1 2 
3 878591 3 890879 
878592 878590 890880 890878 
878592 878590 890880 890878 
878590 878591 890878 890879 
2 878586 2 890874 
10 878587 10 890875 
878589 0 890877 0 
0 878592 0 890880 
4 2 4 2 
878591 3 890879 3 
0 5 0 5 
0 0 0 0 
2 878592 2 890880 
0 3 0 3 
878591 6 890879 6 
878589 5 890877 5 
878590 878589 890878 890877 
2 878590 2 890878 
878589 878592 890877 890880 
1 878587 1 890875 
1 878583 1 890871 
878587 878583 890875 890871 
878583 3 890871 3 
8 878588 8 890876 
878590 878588 890878 890876 
6 878589 6 890877 
878589 878591 890877 890879 
5 4 5 4 
0 878589 0 890877 
5 12 5 12 
878589 4 890877 4 
878590 878591 890878 890879 
878592 0 890880 0 
6 3 6 3 
878586 878585 890874 890873 
4 2 4 2 
878589 3 890877 3 
6 2 6 2 
1 878586 1 890874 
2 1 2 1 
2 878590 2 890878 
3 5 3 5 
878592 3 890880 3 
878590 6 890878 6 
1 2 1 2 
878591 878590 890879 890878 
878588 878592 890876 890880 
0 3 0 3 
6 878591 6 890879 
878583 0 890871 0 
0 878589 0 890877 
0 2 0 2 
878591 878589 890879 890877 
878585 878590 890873 890878 
1 878591 1 890879 
2 878589 2 890877 
8 878589 8 890877 
878586 878590 890874 890878 
878583 878590 890871 890878 
878589 6 890877 6 
2 878584 2 890872 
7 878588 7 890876 
878588 878592 890876 890880 
878586 878587 890874 890875 
878592 10 890880 10 
878591 878589 890879 890877 
878583 10 890871 10 
0 878589 0 890877 
1 878592 1 890880 
2 878592 2 890880 
878592 2 890880 2 
878592 878589 890880 890877 
878592 8 890880 8 
2 878589 2 890877 
0 0 0 0 
878592 878591 890880 890879 
2 3 2 3 
878578 8 890866 8 
878587 878592 890875 890880 
878589 878588 890877 890876 
5 878589 5 890877 
878587 878587 890875 890875 
1 2 1 2 
1 878586 1 890874 
2 878588 2 890876 
2 0 2 0 
1 878591 1 890879 
878592 878586 890880 890874 
3 1 3 1 
1 878588 1 890876 
2 878588 2 890876 
878591 0 890879 0 
878592 2 890880 2 
1 10 1 10 
2 4 2 4 
0 878592 0 890880 
0 1 0 1 
878592 1 890880 1 
878592 2 890880 2 
1 7 1 7 
878588 3 890876 3 
878588 3 890876 3 
878590 3 890878 3 
5 878590 5 890878 
878586 878590 890874 890878 
0 878592 0 890880 
878592 2 890880 2 
878591 7 890879 7 
3 878585 3 890873 
