524729 163814
166655 23433
436422 145783
510682 780800
467541 665190
188467 451062
739076 677799
298937 344396
884799 177899
699156 871406
772667 225764
321948 103907
828339 34686
435785 411173
237431 206694
758446 357270
632217 90623
503084 404710
718664 310482
765031 577505
333648 39320
437596 878840
872045 5893
772237 832867
629864 363090
426185 323588
396079 75998
365468 174513
331917 456092
181031 601932
696080 255569
413504 417160
166840 70347
171125 850502
326900 400901
589924 638501
556351 601427
694102 19075
105920 43296
829154 302631
173754 380748
234666 16812
816300 795613
483603 703456
757542 435160
150886 799104
210098 698508
39981 628541
718916 489639
721100 532927
593899 74773
204871 114518
370889 483150
604600 441084
664903 874163
418071 434646
519302 628004
426669 362197
771909 749639
879148 533413
606928 741344
79798 357017
591005 835767
542915 816903
241029 278334
11761 613841
37172 171617
513187 287245
399460 111850
143456 100705
636944 466667
446117 146596
257147 379507
292078 840215
575354 259151
663264 276739
181388 189530
291265 621941
478220 653143
712108 463682
755849 263455
267228 473960
194106 478181
73659 318812
507881 858511
802289 151256
828466 45545
302398 644157
724964 497671
630524 489870
608366 471615
265146 563912
133694 169413
213890 377169
173394 758292
149909 220234
201483 866612
3880 612668
806242 76695
322377 357085
92727 279286
93313 201666
352017 185406
46723 684069
740596 680879
585287 164363
869108 345005
179192 90741
177938 87427
68614 504922
607767 102336
388520 886935
460182 676260
71183 157467
530656 569408
463186 811135
538629 97270
819427 173447
658837 747739
825952 465357
394432 397480
776639 763330
69629 408300
688790 745173
431622 259065
168996 33808
750989 473424
837568 300946
577720 278356
825848 282934
873031 758471
728116 430334
838893 405502
332980 354212
179627 836672
182577 153199
512277 347738
643429 39181
100481 812629
279655 190486
820527 399962
400396 781815
363752 49927
94368 723254
294936 887576
394490 854783
249631 686114
623427 758082
72545 140536
845977 277922
730164 90911
354487 401058
597072 441585
811368 367703
594956 298041
227013 707842
78499 208324
520315 476405
763384 395603
495936 178165
430327 641549
779486 339328
18306 454488
765807 556079
779533 765646
300608 202651
427902 114569
309501 158202
472951 686235
875634 751471
790221 780619
756257 165672
674415 868329
430064 242045
357318 174701
854321 153081
859905 557959
494931 487358
267793 796857
253037 832497
198685 171103
238334 745686
41728 183894
218050 479457
552096 290385
805286 572896
517337 226075
589953 293205
453338 635023
652548 600998
353005 135735
566199 149796
80873 881453
638498 805962
225254 137016
802553 258357
209870 415135
391400 428400
4700 605168
252464 697344
571333 88792
660050 186956
170175 782382
382341 288879
195273 866564
665079 817350
187072 665395
692010 104458
884900 852078
551574 468925
867842 131596
100042 704573
103517 134847
702655 629137
299344 578148
104776 670275
679473 836848
749173 447993
571976 846733
714959 720160
172143 847591
81251 543502
577599 748146
433678 228830
705249 886059
659910 26932
127604 748412
50303 824743
455207 782591
723793 108265
20296 154215
622343 495268
23020 10106
387190 18056
586922 571092
228139 839883
224170 682551
598353 72981
841738 585860
887947 465986
419144 151606
827452 307902
816996 287392
662418 688313
806933 603855
730485 174053
740256 18387
663138 579307
25092 826953
251146 11727
839702 688575
392414 720882
738955 372847
339631 410370
586206 462376
366909 468707
397600 240833
234125 66786
86175 470432
251326 8453
256183 79525
41408 366081
511528 681514
240441 512607
221642 14454
300176 15459
386419 652063
12311 815778
879279 465937
471374 854808
648106 736098
490149 247975
866512 56987
514367 442806
650754 446107
373153 660063
28413 478947
667916 349683
256606 489497
425591 742707
457809 287599
229154 757861
819528 192742
693766 150266
416486 177450
291956 273820
133051 39789
98350 662032
52505 91413
680454 466649
767027 59554
200720 772292
536692 307052
453293 115339
844656 74552
130954 506640
779351 774740
367733 797923
674112 827214
456613 263895
773060 588605
253760 125764
715069 758679
59770 156401
134153 58963
222792 871770
865804 159299
51196 725451
639532 245219
569652 138823
356110 94243
163540 799282
576227 398508
832173 529143
845022 761913
416169 344272
254089 424478
427613 867249
814222 889987
721211 68748
125450 68583
13555 828103
103767 70849
751618 232818
433089 262577
615759 490517
41323 736404
700959 278933
288371 390045
852035 7565
166086 790977
495890 142166
432588 108304
861630 236951
751872 824606
59391 567064
837367 793675
381881 253128
626912 782214
768655 839821
399875 557691
488385 596022
14798 785930
650646 229684
177231 209083
446650 679591
707982 825222
47361 391441
438360 554376
102648 458235
706647 470288
527038 312810
527800 601532
719635 886874
656171 501702
28507 425584
281806 513958
772534 187817
31728 837249
764496 508706
133701 671642
664092 568573
466092 804833
256220 534179
852293 317133
513532 331034
539547 486666
62738 471581
13680 414050
176449 199864
602448 417978
85259 279105
247189 368065
833252 234626
30468 409906
112564 290525
148444 777008
360951 167290
869359 169317
405245 719957
75411 257007
655713 850293
147317 212733
337111 506699
801809 480826
403865 107620
593979 219087
464692 653461
558161 306777
734087 456059
818552 549153
716001 646237
712254 816476
849343 117632
427470 225636
50939 781118
168794 807630
32926 207412
32475 854299
378537 291086
69881 614712
175040 347985
135387 316099
655696 83730
319520 639723
576104 645179
305501 18161
628106 628318
47204 420987
34426 133992
96108 422074
246295 97568
144197 101220
167235 110915
712805 694256
426646 205086
248915 462951
258990 581221
590452 789687
509876 858118
370419 265722
307086 401680
337841 591605
866006 121367
64362 307043
880225 144636
582623 24665
496054 515776
263034 139534
708973 793916
151448 756967
871845 119418
122104 352779
469686 483365
322520 315055
49919 245658
581949 392076
521393 410683
65930 509040
508893 679588
197401 359727
404337 334217
319033 4666
765357 120370
408367 358708
290964 162412
778311 230872
19930 770082
235 404443
880625 726181
84315 709732
789634 284158
452238 720315
797490 226513
120729 529102
347645 702078
663732 512237
438830 847229
66416 815408
759758 99455
629612 184888
688326 759047
553291 17513
423737 162665
24095 810596
560160 697638
89355 812766
100088 563848
469432 94161
871347 35245
320074 465689
568307 766965
440785 531649
691747 171392
275790 709655
98031 244844
475165 36585
500484 449182
762582 73999
622869 386470
385410 836000
92631 137793
31763 211125
386253 568679
634366 413995
437146 194475
589286 62436
508818 590310
678778 290776
520974 259660
211271 16094
306788 684896
157103 665463
241816 516448
233331 752533
131720 42872
813485 22096
367935 29269
9356 644387
500016 243764
80117 646977
824837 354703
377271 99378
502156 875851
842239 644179
263914 835336
342845 212696
413992 398446
613958 742589
41238 167655
477784 738677
772051 159001
