165197045233
652012657109
199766622534
184303648336
372036267672
390102030580
123399870563
600443627910
54370422567
755217983564
524447334946
688573715132
434735180398
434409277909
363339098774
304903849481
628709421951
183557993018
672453023313
36710436285
511799476934
238305910622
219208276350
208923372720
615617944639
508811088718
477681112755
191602008815
544498248544
60640817288
636046884934
390527358506
520103601259
425833775792
723347945959
279480723357
275332704476
715922800865
166451562084
548097245803
268285960366
248345883180
39242586841
437375459535
167867166769
354548714661
82614871800
569414619250
724020007840
511417605214
190076836384
584186681190
748812889496
695955700153
656528565193
661559681408
410027183498
608614511419
279798242852
233122460919
451466176365
453128947434
386111014072
360474776404
577012752144
598875405413
386889681571
736143991942
199279988985
201281500140
183854693767
681568450734
110819877123
352781849999
630419724018
28130449805
402737919877
417257527577
173904142860
26553298074
438037409010
440673745549
675553189075
241834648578
352938328103
662423630305
321683320745
74034001241
582718585691
428982880233
377678224472
762677251726
506682634555
573717989226
575301333269
178468905704
395147459850
470482471479
575833576642
249049397371
702979990036
468396845443
104648008953
329524110313
124624684529
198101884915
332775367344
481667588537
700140766677
470764212434
453649049604
521038199567
674734746301
167836270130
573651535674
678253200218
743857906189
276454596301
637500705852
92744809412
737116394567
323956874890
193409976888
465631865383
243137089714
466686948282
72317256598
252204447272
692974093062
675114065624
497124390448
645898562467
308655547414
768458830553
492196178902
136130810985
294913693269
391143286435
17108931495
686574265527
458623144536
417348034310
131280586049
245900902509
107948221878
506434804845
550506124936
416713136434
738622310660
540606181862
633862220273
517258921958
428601935895
541894025735
66668408714
28767554618
446128940747
220587687758
418087742940
244383601553
535975599303
717798576378
340759523753
361186244577
693364976330
701967142238
272680430840
328846445523
70311363587
60913377893
751836147668
82258489302
226252920271
19889254068
505465744897
388773236180
568480197432
476583018424
340448164835
18572915524
18154214788
678360587122
572372628571
780319443876
303136764761
121295187314
37729272325
77712413590
710590915885
724403123113
167815631061
72531208279
403102285151
648758559665
571396458097
733981031959
568419746026
220374625898
268906814515
767018417413
522735047198
709021747209
573294978084
595199543265
706961013303
24728231370
418761123046
9911031943
108464314922
417443812629
473505132956
582529479384
391943889606
711571475157
445486987771
558054003234
452170052147
760340765228
592295321704
537159332988
14621735491
560283413483
272605905147
634436414304
274917451832
277733122567
411064972565
515880898036
583975483205
114682724203
456727358635
411958844265
190416816374
729887181521
192581985343
88942834731
118127280888
576970203776
701154471582
510712501922
632854684734
546587667871
328019420747
398557618637
214193390316
324790392313
260013700590
469930792815
199772244511
642997806383
412233663275
641462393059
741900372202
129325764748
747097288267
590121325410
591628891327
11256834915
525289087135
732143733386
627070223383
306914201757
116725912821
159195917536
696773963266
335009964929
697817080921
32512860839
31949320517
464141087705
294848288925
766722219831
681158012890
67349910958
258846856195
569728222172
310592296612
580979609449
582803421111
272712715294
23497307624
651378411332
469318639282
708858722654
583775834949
357578018023
455793545005
637280247667
689487827572
176591376303
551641216462
314246364922
1763592571
189940377184
100212295227
443889423809
657800300903
497684154600
57889644600
583870224283
376875677048
16052250096
426984317942
276068492963
465892347695
764011861153
224479770258
707874566760
109949622047
640324754698
262381096252
573315536767
128444778825
677174147362
106018958889
622404391040
487910479733
394166686811
429646822538
448167804701
91370679305
617206347317
23271960598
654816081651
493459363423
291282483644
598572291550
178965625138
425205571639
198904020032
632724447969
656164656121
344015092587
770786569734
203560663054
248355127824
301390040756
666744874850
644555228191
475671000908
340816128020
288254765357
118311801502
155010493563
217774571798
702761156187
692567066354
740014355561
341374888648
264581691484
649238652260
658849290313
354419210107
495634207296
59596231799
642896665170
353310085337
470884957584
551669564250
699148006320
238373095479
761855209487
299290934297
542385181998
355278175858
417172688481
91641295723
97455080505
449596769439
113626200735
110009538286
342322138716
616568586487
532777046085
205560700917
672514402769
738185578496
756284255338
248801025148
705794747447
454848024609
294007365098
264111337390
64702723643
383293265387
615053663417
545902148271
679787221155
564843624126
104600143484
526919786749
726335939714
696483742322
67218542615
109725988325
206675913905
547794561690
332767435425
462486755337
742945702829
322074049372
721531755604
600693925425
375285180075
301536582481
88184689802
299382014741
524571016676
87634369431
151754516226
308511157599
12317474954
420329813001
283786303942
234410455991
715842348751
372802174327
170981213671
611071137709
582505366206
326949225271
68915926336
290630370560
286381248600
628376487081
184268346348
131817683265
484827280663
515824422591
591163975905
51787151834
395336805796
185779621555
109854140457
2506721842
282070282703
551788133015
170579805816
35346078079
368354117993
400094148249
98657899398
109736862550
117697732880
183090107381
205566966770
139093577848
275970233026
482808613758
502328170899
67987207182
588147953713
218035021154
470389410036
22685908998
405581001486
43568363842
675838390862
656015436990
664372487461
343339910742
177276022823
262450999204
643865379117
142128911226
156217486629
172541471825
535092996663
157316747264
485653934245
24814354680
239669300106
719378143314
566305315669
614380710998
300483057895
218262956476
608028947941
87275391863
410472960197
355575577192
188181131763
21055556006
342803124590
711532986256
391775431626
290553271300
390661314955
43810935216
625035983360
53050013581
658800223193
515282630778
73206344273
332451929091
507980112752
400210213384
597818727749
254863412219
289965940627
59307926205
582870056504
573101440363
458411103189
177395226407
711807658213
613547165216
714891102277
512596212602
300063257421
637469413410
28722027548
774363448558
31496626742
117723186992
71772004341
581687772825
633683840979
449909965130
180500605355
229030312851
207594173396
92011072743
88121009482
348567116489
239540521691
762087274757
393973040545
504491625040
507425843301
143021326024
626248933398
723574940253
696455695666
759821468923
98416466121
649375080890
31729265445
546629249108
475667337151
506352864156
259335227332
444635541394
382882969775
564386465258
50622918163
753552940375
670036938061
242358558099
251432577977
697654050044
683690560206
549859577348
739032680196
87665219737
614336110506
528326072659
288262042422
83000981441
696998377430
60220761008
384403967061
760254202040
383127715258
683932693488
287849134021
485810410274
602708043998
680491338332
521625595780
341381435615
60264302301
262562872666
445959515887
584953438331
622071255982
99495228827
525120678207
632395398933
530929037768
619120891485
141073334938
333294727053
610464792193
618081779099
457949051620
296021246
248492602146
337309871045
781192664934
351067473319
669538885155
541312285843
49505408315
215978616707
128774850047
734692547103
583940481526
433040336564
735043637414
104537976370
585890740754
227646347854
412226172978
367856284769
456278686176
523140488008
587821851731
430340907082
33171244006
136194090336
574795871333
645437843393
299112906369
584162822424
118173786357
239232798688
145710476117
505975212978
335037075088
734998547115
350150810244
768608887792
577787516950
235120213335
199673320074
378860613843
385357787336
49757905865
116540264691
179235542105
730572177660
256792404369
598317695131
502192648958
702532136863
57544411328
53309063099
576397015120
165198926526
650837251191
607497263919
748982829997
385505439322
573981480004
755532121121
426779235959
656003589025
173336370623
89563202277
395275599114
366194028952
715186584650
637336570518
457904072291
351253037816
216121896000
252035368071
774866956169
261443846745
352174424685
756838382243
772505245918
631156276697
278107357568
270912640997
582226285961
339626441542
65079467049
138526951095
524507513507
26178612534
713050947536
426420227769
488551675811
225777712943
322348243455
85323953052
454960708173
85366541327
292473799397
81406706660
388958022763
673212996475
174902413729
128308052841
86953485015
145760547667
166610728455
94691477009
387766329759
547908048835
612480470849
518685678444
560767586468
775265536714
781844656518
101068918618
425005561118
661078991226
521005308183
317885171809
615214734377
13979988860
197351506132
574022402694
677101031187
327278144599
742637168786
78659098340
336526826914
647253577915
672024865038
634519669691
385709669728
323638776478
83061167551
6691228825
438840679952
142043207766
651105584485
59524704856
512500934475
104085347367
311361132222
197432874877
125748907222
59673902521
721394306203
55290886937
149878332383
735003894620
641760455800
758927987753
574558812655
20946709566
230773310608
319625689127
737024372363
770905299354
459477284624
635545498884
230573797023
658123187656
126250980864
332069310082
774180280297
133454770086
155887040228
129833070336
631315218592
735660193291
377279668699
759175521478
311372551593
37100041372
321156797604
429582158373
491480316194
336208206185
404746281931
690848136125
135504186002
63058318190
550664106630
230452463427
145319910575
618109460290
58801928910
160160689620
369076291810
580514176998
173056625242
669532903381
243808505042
105712073489
401404719417
203233114499
157862861621
517298716426
658560040517
75523851692
724227884650
461383145676
748641968332
47416357447
725591898092
103462382415
183709587885
597501199488
208445441422
743167502876
782410616140
410184525847
190889730638
393303088428
268888026918
775370859256
328471308193
351182848199
449482829566
328046224089
709682768163
383428755844
403944049217
206876418851
204304588876
607631340993
695587908475
423022668959
608538307963
60539530063
527968209818
538742868347
449904743837
467274352494
412787858630
566345045143
635049705230
162935329966
609107496569
190802803828
94777397680
217410063321
368269537089
633142249539
382873952788
486860155295
721629375650
460758520497
764627348027
215690885624
434584955415
518329221785
220490047494
510006164093
506913666621
325389954422
494070205176
492697689803
323518009105
36912509529
139160857634
730332959615
352818246375
561604052981
212704520271
673628190831
293067421507
194950441523
741992085809
617590624122
137438483298
268082196737
94407090885
174930605045
101788916568
81312644856
645953081987
765613429227
629017586043
759588623817
652393133099
131795407340
319202182206
479268109029
284009270847
262004399511
711103302184
305649246208
729413456563
589592039747
468299555434
735594130982
577281419253
528314119860
322303097457
438213218430
714226346190
404949773127
353547622166
63548140119
579614436502
90900129486
456419350970
242148133694
444926216269
605861146164
326057261125
285189496619
371435251739
25226699089
41789443009
597273634681
318384926165
544461732189
142511032074
17426844285
231819283437
645835439412
747785598939
492873923285
147446134914
665768974656
286735454873
148796410819
438848851958
650391102122
228335207385
349253378924
629004243807
273830555544
303744942672
682388673180
100528531663
67661943951
588614065919
715483803326
683211897864
229512484554
455104104905
251581006768
495478541115
447258745455
147458831207
147127855829
23467044473
262277391430
306380419808
415096593792
764753187525
728020663216
237392903193
229966032723
553670225311
281132568552
608411567153
334597860105
508278590571
60575500971
122474775942
19288006515
302176699429
679449419757
378623225666
245730897766
302266336793
218214205792
676617186488
89175401688
314535515480
172475419950
398447617048
530497888474
567445276456
678213543916
87968733718
7632035790
100524850460
687563082199
531796206519
380145258589
44193187406
681728876889
132543538323
160844460296
153086700768
550759671244
337407794763
408647772009
738838979463
409165166639
415633802799
70659229566
758642795708
97008624532
44088526707
682729464228
687271093062
403848327845
505314942368
348905077206
18355259940
752810334692
481999147424
295251402894
310188230529
304538053655
229668824061
186530250299
447473078301
11160259393
356160711950
524094835005
628764431504
650125503565
195039593292
77539788912
563855228523
601313643750
318825302408
469949441871
731018620146
10104097180
635989455099
157266726562
280718458324
34268878920
348681524483
129744294195
211238119673
595117937355
645091443605
346439286617
449535599949
604567493084
33299244073
504983444823
324850976672
745831327173
495223768921
665266388861
709660407072
749522406219
