1613764740
117311370908
540334040200
126869050048
290530116275
663894078475
727864918751
709344954368
679127257256
547184944555
500573528226
520279448322
163539066421
311286946570
19079730623
181360690603
627754595486
517918758103
615199582598
737428938321
39733332778
73684400508
748659683458
687974120381
275267034386
138508756787
373423542255
223734332726
137111102507
467621933957
17125273599
45127150421
99458590978
165020130856
305405120921
248031797955
37719678179
683732541603
168629004562
28797315909
45433760928
112473931253
243401305524
272735310604
624358365523
453791109729
179582609493
264247753393
190925745813
80537561311
310185414626
525596470682
333440353974
405403861015
252677498594
571149812025
439812715110
420042352783
319980302528
121279723368
416605466939
154492616789
647173288912
162833572237
764556547683
261305155123
303107566763
506540710533
492558905196
50195267799
323402160315
534764003260
210253010380
241611327678
508910253800
323295120274
591381457334
122845724145
308491090679
282923237482
28773999232
452941439063
101769688203
201932682269
295436419520
522379090687
69436876264
101742235941
442141924776
507186861466
184292509902
492841898914
727544302893
321885475681
562965239969
55922638586
22019581687
574287336601
311573443500
714676284846
470179754493
484096293883
471115676071
87685641567
772001987548
195941641011
116701798931
25037747354
202912547146
693222212130
46103221533
702761374904
283641404777
587322539576
516228161392
356348499787
91311864603
221063705604
440106547558
77953393098
80042783179
113292411236
1265810345
431245899308
585068483463
283884933482
758688746023
506856259086
232724576655
626266156771
680551558895
322553548973
245019373091
314460719267
544443725497
249825643769
325638277581
201462286263
141313550705
688932382265
768558530797
624243049779
406369904249
690001710274
515901238288
418186044794
555083085392
410324524505
295880925743
660127579613
261727626099
208695721501
579420870771
659774546153
344168564815
684768254974
734171492429
148245261025
234144027745
223644035531
283465061239
686906821160
104623509588
323430520273
127468679757
498026918545
66367011190
544838883910
212436092664
234124996074
338919301252
334166822890
503663784356
667071206008
439835516346
240024357691
324211187493
479471055358
480759892444
120825473599
527070336510
346178284368
503859534278
150792634259
503756939536
348373181098
757776317647
355146568762
235312680814
283287782694
334923709452
523471723799
212273545110
508207929917
748621268883
476829301725
623189457401
156484825604
320413429739
247055521519
267664454154
220539216868
679720670996
59952273371
478303424719
150731668303
221913434850
377523797667
666159393362
174367518313
114859724039
269155915288
169723252951
494450541228
433201761289
658600845121
370113611681
586277320108
753842443685
766670183291
551753781993
711965917088
181576565646
540949316871
711107814066
562933123017
772944826913
442340295750
276616842324
290867612486
4760044969
87930423443
557415405489
429569283148
762892552530
158949313613
222010139181
458527999895
332633852866
268774365191
721479764179
31216254702
740501115368
433395647665
76725364700
345429970043
312138326453
161474297898
561835728353
206896961143
627052420297
170295555612
258940738073
661226966722
725814502062
594459147624
254011537469
115847435244
139207936843
126489070446
652336686185
778598832895
727005485240
369166466577
776200798493
629210578016
645035745260
10859312001
153441927901
554755008530
361278575022
163868742189
756440009943
36869073663
72889441268
404587268330
236555591771
589946384413
705890924362
370997964073
86615119258
748021795521
636234282388
346425432110
321081873252
602407226999
390748053789
651403408066
443974838355
282700269295
34988919779
394921379547
496784620206
396345741855
58123492839
376098551143
141345494506
419846454494
332921000039
104466291632
294904967432
265228696041
394790673894
501174763712
331420691772
100784829316
304286879492
342210868746
485749150526
692425734690
687097830539
315901196189
6538087632
242743178646
747848223515
103981964122
76919632151
638681996239
408086342741
422955187512
482602607381
371655079468
549613740573
347711633931
367003497382
466700560741
343865947172
715633912411
69155149471
638818242017
538274355470
414614265953
653871952287
623493966701
773493129775
94873522973
562540693856
32964437776
700862897274
148724418810
75003795770
774748491762
779216434404
287033046366
140961962871
19692888965
682187327946
415668794783
646583117997
168518870670
151550432601
379828940275
506367437071
317416751511
636896153909
316275692100
516121085526
457355001767
61668306781
191149323663
138124718596
529227894039
175119521847
220694199512
39420183144
18609568159
70149903194
698338228165
143510784343
445090236360
433647843158
170533601528
401745624089
612435366500
249575828419
422367208217
549168966638
318091293199
291141628281
451117177587
431396214377
519890479342
378353141878
445415889320
586897556729
124718343782
481291499843
331149483671
714188159986
474037602073
488500269814
290142525071
129279296068
471262751411
230994747652
427811549962
410463408704
14639679483
782440736774
217895146441
424216548240
743279701580
656505978271
629599415833
491774656577
440230434521
145097174813
334322477850
576155070805
29396207901
603725200366
130076862501
42957627558
30448563203
100501036756
618063124440
462626581210
139596247832
166905440065
547518093621
770713464220
289919163667
341677198675
238453129686
759254693692
498065745810
171836969548
705558903439
49817419917
688987448527
440016004981
472345106254
757896036327
142940384660
701660032934
760374059123
539626998519
347559194751
234048826271
752835186126
493072797319
113896067193
587470337858
406731700502
614457496190
371783852589
464372374891
578167883695
707921250572
650475176556
74861884094
643652523938
383758585203
228026602049
617374398391
306303152241
378220215053
609869752021
41729041586
404327129501
553547053482
372936285737
252906407845
530923501128
601467366467
67529740685
459681150456
575045110731
429463690529
478778400140
472118643801
721861136356
376635093738
238297569633
143596780984
380526506380
419415634679
320458182591
780249495740
90628726398
6992368657
556219753256
718230455967
232531941397
91462959230
345808265019
307977687905
534417149886
4732103409
750926177
379235458620
723921918085
118189445964
477155627597
11087903429
330003968887
547251108121
393119920327
505943955177
233331003609
246303633999
408471472193
328122213218
763212462671
754349925192
363149261569
682459953597
435370142890
494454298186
704046652141
611264857351
170482986
141216277835
613076046017
662243751893
773720430674
711846216596
184388570029
244544401952
608771001879
690212227741
268615553652
625152970426
302031053189
7390785656
701802273527
187861393376
709628933185
49980064479
615623864513
32598958382
68926861626
228978776203
616185963612
569458987544
45303974654
533586564535
367967633863
460299427049
221375618861
389636706682
622763844387
278271843027
126024250737
743696384199
582504755820
517747900885
425853337458
711250337778
729763098247
375970107304
735321258927
301332759583
202331198991
283990546843
536288801026
550145998789
78302711137
68448887341
457259813396
545795459407
671331985939
408793957134
463071945002
362709768356
205172314474
730236682668
759724728602
695417125878
43185120371
718715939140
241205692426
744830538161
509540433467
717529970455
594458427267
527112040112
554002068032
555987091930
764985860605
243409365330
342333071456
114405257836
619000082968
215456785226
779283163013
288671577294
301115597795
128304021027
62462141310
653280020500
137596508394
597373352216
428041376867
782721149204
779362676729
465236256137
47520735837
96104819253
694837474770
79408446086
646477576297
158096931766
630677404910
607499410623
653441658893
62265264214
143034635698
248805607731
154796518692
572896884403
540260523981
316560148243
395401861115
213825652976
593889913820
201056129133
91517164202
430972389532
37743364901
44508358269
356874516974
543372166522
493319639313
321628194250
741403156722
393230963562
186312119505
619798009082
628000005756
577109943354
517173746631
558326002128
526281315694
607436938640
310931986153
86549461921
465307491858
286749696710
232193953769
397780928736
371635715474
765778053055
310958216953
241415136960
271129808177
536975404822
684912585451
271810259773
316932855234
759014772766
44103816792
732693043837
225904133797
596795324509
551618374864
119562557370
647073752888
712745514422
103270850366
58126424377
496342487063
7712220567
127199077805
209167027135
703832599235
210550632569
292921476931
342348508165
307628150720
516007930152
216034614923
75647872600
102574405249
168499307381
372045067639
464993028708
174871903159
76458502625
528599113433
178321896867
474630692436
672737146091
82838996085
439084588477
470946077974
494918364859
568514443531
147074505341
229459399053
282696061975
713944331845
322527016424
201145571532
267225163749
326108342953
732309582618
21506170802
398548485745
127677787730
188996804999
545464007935
283213919296
449808004140
542603074108
141344183444
498711544401
226487937553
340805303704
469353577671
778644888990
436527287184
475461366245
266855623279
371064630906
183949639203
568881882493
84200442812
387156891962
687095069853
253209998767
534686584711
456399173276
349772308897
648969369959
528944900964
410130643976
49560027061
731365243594
767263827880
557554423443
565983549310
44863424841
470109669189
156353542633
156118487278
266638928893
181142331864
613510240316
239097423449
603266091513
496947006852
326469304008
81119861284
396019467243
18899405977
216051153317
577238347876
748965919709
658295868196
196582122571
722594671047
593045747350
567529641396
412146296054
374092438392
586358346174
295965342538
169524258984
510468066927
376788261243
457931518915
715272171236
386338939077
104654910889
675707805109
401801552471
623352257478
194908044432
231023956043
289937027299
20196522355
677063991245
729713606305
168950710067
695274324212
570997999800
33680720875
257273304948
627883009558
209264319115
368466646785
239974432172
330062760744
486611171613
87875872904
216447907380
760258390418
361203926048
90830738292
735984828764
375344390969
729712544419
21800205247
152909035341
623168217867
522934256846
190932719303
43052344657
12959431446
569292510415
2671356333
632408977485
228690033273
616592818649
715979961521
197513393003
360772955237
501334795058
653550224497
665435145016
369810585773
607008038704
655772895551
690148824933
168694389315
622492352123
284663759511
560538131772
259100005379
209226302116
111334549263
771337769334
373910564199
69921646390
325545976677
660311197170
781270066720
503746874892
102685232450
317698200260
145803233759
266388123944
310339919733
781610606519
661986141232
510494059045
326572435538
218262771368
749816567826
133413245380
477819681665
309829883455
2389591970
649196300850
410423634931
23709744019
101863333865
478371138604
239129516023
458741104075
600696015707
451933141563
342028222250
636999433087
517145637563
380358728439
712636226529
456994430238
467582287883
102707434643
457285589253
704068538230
156438950571
396786264764
691347185502
89243290266
692246630817
569817425801
655269054583
193877731930
178246458620
810540067
34400677858
408990037328
68782416751
426910062200
583524685241
728824720374
73131601311
757505694222
10724391149
171127979109
749012264414
528331901675
555289299143
410382198300
286332844680
401061897907
549640515596
266632758151
596262288278
227297441067
720041749037
225109006931
431824272634
593642553255
58987548070
355731509722
570322249852
364294087489
672192699364
168053258234
545281217623
322002331290
16057601337
73198106085
733034855336
547887311811
453864579798
30275814364
756941119168
259020391459
440463917535
471174922242
422127309338
282304604048
36951453995
488112486194
648774597722
152212780835
283392724522
612249058750
482333063075
448259177736
58875826440
383192706525
261824447887
725977419974
726590142133
217932269318
599190956020
325979132955
435433571658
497652611228
297159906784
590884424092
161592884842
313990820526
563951644355
245510046029
175611961770
223222912452
209177298088
154802292295
665358624413
716791044835
133648358386
347281844712
15135387496
20510928656
114064875273
221031272851
448492596139
635980910031
633738438648
299528830853
634716207482
226253730899
249446070050
180438567314
694740012637
600007004036
541739093345
123653525050
399190154865
700831531227
498459885693
98133719509
337399636496
59003803430
626049620417
559763285642
586940812871
694770157087
296835241963
220195674507
162382893720
395117904890
122871492509
84496246713
558148964093
527815320814
146860290114
412752977727
459020726632
54180728808
252273934361
690012274277
66284453524
618169431729
349698696567
17423341515
81305003776
236154848542
459976777014
468403107769
209277344593
356367385746
764208132991
51221143210
608487295377
337241301013
366242118556
531186876499
771701758367
193592044939
556582289447
489877753908
234955071960
705336385251
190226787
549173317057
583211373971
410372966201
197653971312
277271147692
145792353527
760674160604
44031987993
122053332638
200646049950
461082574331
234225865265
