394764 821220
77474 198929
814626 860994
212450 489899
749864 248723
70551 320889
517384 541448
119041 576658
769997 385504
64792 136593
405117 769544
500021 597655
367190 556495
82496 251379
827716 578664
863741 869463
762214 332125
51277 294441
663904 77581
756829 345098
681550 250394
412518 371776
642422 155775
552095 827145
532085 88108
47732 378532
628594 167194
289690 471462
748629 378711
231432 634402
55061 214660
84872 553333
441472 863601
291091 697885
292390 669942
537280 496493
810314 128522
380094 577552
268686 352802
743536 692212
37623 509216
119659 59065
784722 815109
645691 647176
385394 618247
380349 727349
466635 644022
332265 405671
23511 667901
177143 286308
795022 674794
493801 382854
564452 363536
802883 785255
191079 575384
719136 184173
263609 784934
255456 1992
338429 35537
396960 34516
698063 578925
387615 447856
203735 481068
17202 303658
111626 648964
117120 350806
524987 94273
214773 497403
631744 554521
290056 209305
83783 494351
316042 254975
262006 295718
108096 596890
789502 316411
445721 200454
278291 132613
688904 628513
195489 728479
97432 564564
404693 767012
582857 748339
42336 692932
764256 107131
813213 847481
665226 176455
815247 861056
640371 242526
664871 593134
428254 322775
809070 845054
775383 653160
272115 562733
161405 101181
493946 788790
315782 872033
159399 733157
232637 229657
215861 234353
244474 339521
262801 679908
503184 863678
696544 484599
849920 21571
26758 139091
203407 873975
337384 569427
707952 5833
162735 326479
247221 538277
387306 299180
531060 152405
64701 182014
95492 97908
550811 449053
290404 30142
156419 823106
336189 819381
188103 153768
440102 570002
501805 191898
675921 458647
641927 738302
420499 106423
641827 575392
832412 249198
451534 151014
692452 306079
673906 462705
147210 850955
569227 418817
489034 626275
48059 592778
115 251263
168780 567056
672350 478507
245722 485096
704577 138938
669699 393387
641068 174420
503859 264236
60081 98980
351019 691845
121638 747659
42299 769768
602094 713826
292934 800454
800221 158006
148322 402955
107846 291915
560361 628359
754566 235020
66 859682
103710 840294
598762 727027
225438 736023
428624 334921
197495 811872
770045 761267
523826 66158
557199 545070
309509 710149
629184 508542
408383 616059
644239 373128
701236 91531
786479 626667
728953 823719
70644 129108
619124 175471
212558 513495
876057 678511
77287 658303
780816 466075
759654 739847
599566 595803
20767 215810
475629 266478
364659 17671
650119 561415
673508 669877
180381 337384
466467 333937
728639 827977
129323 116733
632807 505741
481315 215857
156147 505347
47525 768827
807334 339025
153447 759169
682180 541875
156956 61571
680974 780680
72908 32650
716068 4539
634869 679159
326279 373989
632848 209407
169090 562040
135650 160990
664502 15494
746616 529298
751438 546024
354295 305149
315358 78112
74677 123598
553972 617452
184426 654182
268917 814109
540392 98545
711121 781425
17010 100539
775548 82882
553622 61252
87148 779026
731564 803043
793144 124892
641606 857432
411091 72785
704404 610614
382222 321113
206696 628039
169817 311325
846013 592104
360670 319605
344526 757406
741701 701998
718177 421310
96214 628938
609677 767526
633260 588578
538984 432163
440981 389005
330488 259889
353888 655408
452388 431633
275291 270485
796187 247258
563596 624362
151785 88179
809006 761352
786248 307510
559835 137484
510797 488269
598769 634887
349115 310674
245644 394952
604679 14011
245472 225558
230357 345638
278344 178185
535805 724530
348167 358937
282321 869834
683944 367072
214064 652692
257517 837116
489285 199783
328861 123451
325254 135438
708368 20298
589716 384377
345732 581513
81457 264854
814529 123081
626668 294224
722937 708310
336949 407677
492470 802458
829770 309243
67903 290604
626510 622877
386144 849151
613118 722501
551482 674572
64901 207375
264040 26271
622887 252007
807142 541797
66060 22404
211130 401959
818487 724833
289392 55646
29187 384536
9323 130907
162578 787502
529578 576412
185353 496902
654328 329134
647920 487382
372220 187228
392227 428735
372776 334330
694449 117890
613834 378857
177364 407864
109544 518158
690927 467549
171273 288966
531109 839015
58651 84931
615157 357184
834634 535773
189279 747559
393998 316618
182482 13978
31627 544130
796868 701178
642018 831736
152415 734893
726970 471245
207080 633547
220417 85836
660129 775122
633627 756551
751017 657716
308989 665119
128289 458242
585723 63149
74450 113425
185827 121962
130203 793647
566659 376358
139996 473262
209366 488538
139976 713809
273860 1671
89408 546790
183768 308887
161153 256428
305678 542288
762589 180593
277774 137898
456815 853642
558232 51549
173538 644821
118608 398990
656055 688827
855768 865566
512604 175564
429490 353193
33502 535451
217358 167435
94260 314501
382284 304495
729665 534030
834242 308351
740394 470138
352556 387922
161929 266589
32175 423081
253112 841363
248162 633120
168899 869672
121817 703822
562477 822472
582677 488175
860372 289810
770419 156337
871739 501793
335861 97930
144169 878517
572079 517466
339801 556295
231009 396875
57540 178547
738381 622865
156625 567648
876074 131819
587403 752127
427395 447504
656312 289982
181866 45642
334641 706540
618539 356593
713103 348681
345277 696122
510707 129749
323273 712553
297325 92464
400947 570410
593090 378497
622497 401297
212888 633754
103160 165501
750839 651235
67709 105436
264622 816243
175568 545165
254245 734081
626887 620601
851166 426036
144546 574400
181311 523258
548564 849975
639781 482153
447351 301963
598343 97614
625699 652527
308303 658318
661898 847868
250850 466040
707294 739338
225155 359001
843196 30703
514002 401657
51998 86914
8160 793112
654731 98183
554387 474844
869968 875418
117633 101358
581834 735504
170286 295272
327130 435866
551571 635493
492678 37006
140640 595736
415345 416804
723170 226575
779626 242490
327062 440503
474150 318097
544497 652273
600893 850378
7307 712997
579865 590837
105194 218432
642660 285006
126724 736424
128706 654838
542634 726839
427947 585070
313876 397785
689736 657959
535085 456634
248814 9035
436843 553916
161318 570665
240420 282414
816257 341443
85009 295712
526224 496751
437540 858502
606199 779119
146120 86462
9839 784737
138431 813329
624675 55908
238861 101615
871249 749330
409785 115063
211349 736926
846677 571874
744797 429254
555149 751745
637182 190007
94957 201215
520699 529082
580197 358838
281744 365347
804095 694591
610879 114912
617577 718696
830240 468511
677596 171172
363429 578108
626546 851304
279053 338137
513049 520658
619234 76158
830764 816415
501691 259103
243249 783746
860367 318985
783440 658714
324400 427991
64496 721299
171340 572739
116174 858287
488903 294153
263179 494157
727594 188775
90708 564254
401061 174821
817339 109476
629631 173943
777010 828746
385081 171882
360554 478925
701445 757538
609646 348878
506774 229645
198009 341919
784828 394617
593403 427900
698125 53516
475235 571513
630155 858727
568710 160524
430616 17929
194725 806705
794608 367162
352281 734734
35447 513860
463164 86445
560495 859639
89863 540263
832203 652134
37975 137693
86785 333084
