644749120362
774904314668
361553908627
724322884495
90708609913
777740295240
122678826670
498645811011
194746709541
274402950036
738381666346
75591086932
342359543623
632199260168
750906107619
247434821914
402627260158
30386590812
34665321830
119964039390
741954499407
704058996735
220096975637
727541849993
544393569323
240617511036
265674055200
665413864959
241737299384
672735716373
539834812978
738250307333
337752689712
741711206414
139550566889
263975756312
200050374262
360817529651
154916252845
541432866193
757949792390
434065275057
481983539553
64368474657
577182615441
254644355420
612606151226
457247454845
488075988541
575861360013
199879556392
274438293705
257938290267
115111153857
660147104602
146851060022
441709995118
714946698842
664958567151
590172863064
626374234815
579001424832
662296604723
137846815226
63959261727
650164407194
197552891890
64569355268
517639945406
587497315927
416638081168
716486545445
49377592806
698427043855
553038997833
755227662415
15848147999
445793698055
210021532288
477500045519
664073599433
223682546113
657036017691
260200546156
181511329357
174793912232
400095953505
627982019170
737951711080
267827627871
95702893811
708166165887
188874823107
413060837862
24589672633
684608570777
89810656888
90799982634
439158401068
240597940629
705501963365
62712563747
585132740760
500040505825
16093506975
423952336429
94082342102
243873218053
40439113637
760904301878
321458569808
257593366495
405362164319
311454260597
559584440627
751192908734
6976454787
373122874091
415535397531
705161705832
182838841919
131957277419
305866760308
703661544757
757100769547
377061149852
189232356974
175315008961
321927050114
443513788963
769813680632
254609160343
770793712637
416520107308
603272828211
116095603550
736892397526
304904390767
186845666217
408870819865
690977423403
140715639588
296286112391
721265016588
89806519677
378268117014
556430956154
533514742975
656629737893
384043881962
291365449039
480514930103
320785973432
86121203884
327351191176
622227236817
533851850076
759118332235
674308252718
766164053276
159166999466
680148038216
759976231054
378178186911
423480077695
520355570725
596024283261
58405787712
49645297695
123590361491
91570238453
299406106157
420799978345
660917736980
319826910766
651475198903
334525086234
478511483501
641964942473
182073368201
636784837568
186151074839
663450689771
145329331734
34358480431
226196125612
527711842002
564886306281
633756154603
56722669412
233206625829
762147245875
330467648964
107526242262
763336740773
112583415198
175230686303
440727971102
513019365683
366992713459
770514920684
349036826279
65525417521
158781905891
149283023208
144151324483
212214134699
296602494981
693652964521
464927842578
721431978369
773345702756
179656140083
578033513541
620634378100
228450142595
269976911794
10717625946
59832984009
91869547553
592744471084
671986592603
385755142253
550197977577
269717571490
345350650339
219903446547
296558800157
652715056681
145989278288
67541948508
352323928457
45986242143
80616600898
296087809617
671778599552
435825563336
355537747744
235424280424
524488468759
240806076644
110613340039
51302676338
481647519783
467872946021
160406929751
128455080599
60005103294
273539309803
226674487136
286526646988
108644112431
717024526090
473700983567
48144784163
100912556359
92379432454
421732108585
316259995703
484980147785
187529168529
558258818921
50442174649
449510980460
625043077810
587309814205
385005804877
585996275009
680361529308
563710280057
544580997694
179736397800
529836879389
779537422621
464981890260
179560447675
221786547973
209419280509
241089166443
709746542449
744047834808
646142682902
563570048791
389632362993
298069007911
287170267913
86212553844
733261793814
647489806392
31286771506
558300068846
108186601349
95890121338
367928361394
53462877959
202605718775
147471404204
366463253251
152657386439
303383310761
263912730885
352081709274
644098981996
272496765342
360494122310
564591333875
271527264334
86817938374
258628164189
491218409180
673998260797
612147001359
582913352126
638413893520
482510470346
666074743847
770769029098
625370393901
249325514598
779060758535
616183165944
406916354723
731541517096
26315702182
311422079739
110833450949
354337681591
59218947204
103172303163
503601930951
39789481953
602082147338
627377251464
254329712027
716804229320
222491936271
17966167489
653099097038
755540540653
38874479347
338233062821
585971059786
128012511996
682382816998
633072682208
696817005268
355917070285
469163452505
268479426416
286157083619
581684308489
408410893010
663781776264
683967151116
451516462311
563500394660
478736045655
525121226736
84573297704
75893254162
627407613244
325562999911
562240880757
434093156838
335713143596
112035991875
406046267866
524501391210
504795165716
13513445023
90658585306
409372256965
34103994475
667055995495
518013278529
159628664451
430299294218
778717309245
425413025394
11410449613
509989831828
153450366182
705794504972
215831337437
560126321404
330714609102
11677803908
470963901835
32013281490
547961696427
180609765164
354561273712
392379772558
654818657542
262186215864
183606251117
330625847649
295557342706
508759724285
181852550321
86112040601
159559787413
6165763711
15746076365
469179112585
209967089394
136927874437
306909317570
90574595048
460749636199
656158782731
341557367597
459557008914
209056692000
712875553496
379195918704
390556928650
611596142123
450249313439
234777705643
63739190729
282118883067
516042924294
54913091525
398523779480
404581253502
678507569288
67556753364
166146703993
93109086618
782487004358
309729692516
458051908021
158630961395
177225922549
213646829872
426611716159
778614967715
705241093485
44361309431
709594497541
629364026160
90469739286
173835417597
364386672984
73852024989
398251124470
103042456829
193780811936
139472520619
734920464779
65391457627
332182897863
691316714609
442420534041
395447075206
548224929034
510885171585
107594600384
419693446992
42775855732
726312994979
56125717034
591440983729
63615661328
77923488813
348729308099
101938337938
514540400481
679215593372
507689763222
37697301941
522844668429
597840448734
249850740577
489574490475
495526597106
357666687804
152787059573
665550060573
614234453752
254896282788
329458630751
83276320360
525623874270
499598555346
191979159031
77379826770
432934048373
430531177487
689167578258
702474609253
445372473458
173467886500
538498572449
53906394045
772423473782
160019724999
686899114666
189296259581
11251739587
352346912223
402511196998
432805077369
523500024203
656434260747
547149583475
759199444119
684372780590
232195510495
370133168706
409057937840
530609146659
85473142746
464593864844
386900111320
721453173389
304067170872
116453058658
243760475391
420379249299
595581367391
221318229388
746472824310
110632495737
376634350900
767884324061
220319186616
226743835156
691625062776
137322542047
145661500056
27594086436
207517379966
418009418509
552899284328
360115372732
225762055751
452420327776
374448310707
342864586451
463165380100
585660837812
365146458169
199806119557
538441256267
2799048837
402394478708
40958435388
69486733818
509334784130
419469474744
617972681932
221333675165
276392169896
204220783003
136869287599
381252847820
20736676268
567087152106
50748641212
154733905573
742195829882
237825667934
409246073947
619666412703
54364832098
298282982573
510930023254
58049629512
263147998791
442106005548
241027995115
668248930065
463775573657
18503259661
391749753743
366677960294
130342020721
529452984345
631401626526
89740093298
177050308975
469691064591
415792922420
350379791263
406373550669
55661406971
465016435494
340794073365
454142352523
19971302687
349661230876
660474200019
290206207259
639500206466
133074716941
528645224402
42899486116
688741845420
222175460979
261131922369
298728374728
295680602810
413744320908
399379187261
513430180076
646924796223
37967365011
467114749575
16152767041
671439480251
200988395827
250114403783
537310860869
423656025756
352514402808
720589824754
13314922487
477126339196
84171766545
134716297043
200546503985
673989168040
388501194674
564253557693
138771270726
257677917515
144375916682
225921006417
622463664471
681860551670
492603179400
706429795836
391425821863
262968085435
419048700905
76566017921
186180502206
26271286050
666080222682
427342299379
771766488436
117253166662
352750398405
432411661356
327291184596
34457974348
420898458218
482751805969
164339036676
13178518999
727680873984
564835516159
86186988418
297499774712
217940661141
508336815188
482251273466
33687992389
16884925956
687114905324
309833191509
320023002809
650310769141
274796390091
401687226631
394823658061
10143345201
57773798755
378862541002
692602200460
248449929988
88090408866
105932197836
563914151663
359206966656
769981218507
353239749846
266218637953
133160048783
441860869788
207869372210
516475334981
70382958002
183861368873
731241060641
613368687488
422495372928
705293845586
498331063354
230294932837
716877636085
744106908187
254767928178
204115683563
519823001350
196876985463
10441421395
591722935841
108896892790
663311608357
36469088795
95036415496
431243951014
699409267701
714509391342
239285351247
728949091932
678017967768
382522786758
485694223650
223093742494
366786412644
375035623732
419911679306
652068589329
618547342748
207563141277
266071375384
630502677619
210306126562
328724738442
368448090259
559621114836
768838949725
322768837335
109941662270
603663146788
616844518173
556618186567
390119395039
490633110306
656317481740
276111862193
236389861795
293745499619
156621833866
708107592137
573125373511
332559304200
5757525933
151259445191
743582490321
316139733549
296045739274
598166861870
578881573287
457749887820
261046020507
365307438093
203643216867
13622949075
130907136808
538418972486
525067587136
581892018606
710371937296
62719123802
425305125644
734382271613
571116378541
343004685159
633297875790
662420079080
557680133698
416955211491
75103740087
301167558019
581582957536
734997702373
724134377724
367319066164
479063481914
456677355026
187547041117
589064441501
112559512856
370233745965
781327336313
71173761966
145204221879
194659250959
302719149661
216025881130
46009717666
538647660723
706242035017
139359436601
504215243915
666450033244
275379316558
610989624964
5158186259
609570217175
772168658606
477018356440
256245980460
302649315181
696376766542
246161967508
65995015151
565085247178
11086813513
104741978343
212814443184
704838318938
720487648035
66211576172
103176947914
83832527346
351776910807
540436459243
11507898364
684444400067
625367573866
74168150504
728066081099
415629141521
518456646053
66817411279
270995417804
515950429464
531051302794
171332397388
205854782975
301273542082
531587007925
695992287219
369120920516
414981137115
618318955968
326061743182
424305298247
426102355973
311278956604
262022594247
288827372390
565938321264
623894014077
166990530761
358642142989
575740086246
479944040827
501501711039
536506939591
263484739834
282259715556
295031439789
653338835196
782173081432
684241194345
22302373769
310050379714
176332352334
135892350216
235050377721
44948004090
103323937350
262731529756
609089351469
653607994117
111528838899
13335572690
653622800174
703292595351
466570148071
476166390420
19991598490
135449064649
576187886497
421578538926
747381002237
434225570035
591329891824
272171275979
171648655235
460627284650
692837699024
321797750183
647447809298
633971539887
150361078824
609671061254
570121796282
554043023839
21683227675
222256335364
492810067393
544268342440
730866815053
607189601625
519713202404
5893742632
194743956441
237606996752
375857745871
410797733436
135542345952
300983088
82487778580
370223147468
271604761957
241273393986
202572547482
119751557502
280116221345
730331050890
505050441346
35085609673
22553741664
61568304365
246883504285
611860344113
222601158926
568646128142
651604407902
367573664435
307566293356
424676236920
715044315306
24645912335
78061108934
28098271874
534563186624
781622433280
606062420292
479338975802
498388128961
655171124885
226844794488
572982969010
191762970757
58415480398
460019205735
656640840434
691785686490
523985562666
743870842000
660773095735
347273562028
99058289652
652438565201
584152322862
493742529471
344273015643
479357011344
132818406778
480015599401
572483086262
626668306055
777055243852
150548672093
93297393525
689261732154
569281169044
520600543298
348796736599
98201065258
290277510417
513124143862
391135773292
685809182227
232408800015
543058542395
639889748814
493616521848
248653618389
85167068599
59942341547
771291372187
400583994261
294390528472
316681935474
164498551923
544688825450
732577739505
57117272905
475999188378
38098566520
320043057620
697679280733
520072150964
465934580721
640649519619
362560596399
557725470826
184817015653
247099827315
411674922770
580295616034
81868189045
87437767161
551042067191
528541728963
5376124663
585759765447
111496977774
188147126031
764364117957
445036566008
645892237562
229259399593
610929009054
24175154341
234723039734
687076976211
692292151324
486524429645
542595777013
305161538
162957678275
677316283005
223590193713
458302895474
538158833785
696756550232
229866265919
617047001953
200795303533
650936509718
326726863612
338054937514
136269951783
