1
1
250941861
1
528186748
250941861
843853908
1
691354142
528186748
509982966
250941861
621396911
843853908
157015333
1
914395578
691354142
428729345
528186748
438820315
509982966
105178927
250941861
346112081
621396911
388139247
843853908
167633513
157015333
973549353
1
381788193
914395578
923094204
691354142
205693791
428729345
246570841
528186748
625786308
438820315
703778583
509982966
1034873351
105178927
720547917
250941861
50668555
346112081
756071934
621396911
128479241
388139247
7779132
843853908
569286487
167633513
342084168
157015333
569999815
973549353
672820978
1
1016538878
381788193
73734907
914395578
322785372
923094204
184606648
691354142
235554231
205693791
956104962
428729345
715012471
246570841
18755237
528186748
590340095
625786308
131296419
438820315
484113526
703778583
795650836
509982966
552420807
1034873351
686836892
105178927
646670071
720547917
947302164
250941861
672327953
50668555
131976749
346112081
941562271
756071934
460574962
621396911
100919062
128479241
689653545
388139247
100890508
7779132
335662650
843853908
825205438
569286487
555961664
167633513
274699454
342084168
353902723
157015333
446982646
569999815
746274119
973549353
608581698
672820978
524367603
1
196193677
1016538878
893966853
381788193
265142414
73734907
209641880
914395578
588046952
322785372
93192821
923094204
913038600
184606648
682118909
691354142
762390505
235554231
189861634
205693791
463918918
956104962
410515237
428729345
186448971
715012471
830056176
246570841
980666645
18755237
960275674
528186748
114948039
590340095
266246827
625786308
119902155
131296419
528947856
438820315
25470250
484113526
839538422
703778583
894085650
795650836
211313137
509982966
503393651
552420807
1056706849
1034873351
988412866
686836892
771827074
105178927
704471964
646670071
814199827
720547917
511718978
947302164
260483906
250941861
75307425
672327953
637209122
50668555
369447111
131976749
792735123
346112081
666132807
941562271
497180163
756071934
310105231
460574962
920067928
621396911
468381112
100919062
655253611
128479241
373607549
689653545
495094220
388139247
1012950129
100890508
337363940
7779132
1055094815
335662650
537741038
843853908
262665827
825205438
744152376
569286487
426472391
555961664
477169647
167633513
580384311
274699454
776380981
342084168
348492421
353902723
173789857
157015333
511237152
446982646
916140094
569999815
1051188173
746274119
789625008
973549353
6216923
608581698
917266936
672820978
542995050
524367603
364133574
1
413078757
196193677
1048106997
1016538878
298961259
893966853
571249569
381788193
100762221
265142414
324938454
73734907
1061339459
209641880
234679246
914395578
998082637
588046952
858885144
322785372
454809476
93192821
540577615
923094204
132098071
913038600
842530415
184606648
675901336
682118909
768891474
691354142
455133040
762390505
780486708
235554231
429525431
189861634
424969346
205693791
251599199
463918918
379925906
956104962
298558618
410515237
645476436
428729345
682872188
186448971
353737918
715012471
475108439
830056176
894191152
246570841
860529133
980666645
955724700
18755237
910162106
960275674
1050245646
528186748
952301606
114948039
973214234
590340095
1032497402
266246827
561317594
625786308
93606393
119902155
27665352
131296419
409950451
528947856
215518613
438820315
225758649
25470250
712164462
484113526
228988631
839538422
1012876059
703778583
866464336
894085650
1010302937
795650836
43500197
211313137
230675308
509982966
111548499
503393651
824766356
552420807
212535305
1056706849
44433286
1034873351
1012255501
988412866
366041529
686836892
925290566
771827074
166357657
105178927
416349137
704471964
473520669
646670071
767522084
814199827
923946332
720547917
989393390
511718978
792059781
947302164
11383046
260483906
469805391
250941861
834946721
75307425
450903264
672327953
908230883
637209122
506435300
50668555
741945410
369447111
49630436
131976749
241130991
792735123
281255340
346112081
213189834
666132807
552652118
941562271
34846712
497180163
39929916
756071934
753169289
310105231
63693611
460574962
914208410
920067928
397744137
621396911
190242361
468381112
119266962
100919062
285414109
655253611
264242871
128479241
323877325
373607549
647668594
689653545
1036998294
495094220
789673295
388139247
778593049
1012950129
719776040
100890508
739422091
337363940
505270032
7779132
567025749
1055094815
960330571
335662650
95276888
537741038
772781535
843853908
336893639
262665827
902927004
825205438
880556859
744152376
719338442
569286487
745334440
426472391
964571684
555961664
805324733
477169647
5948669
167633513
831245671
580384311
145466540
274699454
367286366
776380981
85923132
342084168
623279577
348492421
588092013
353902723
788038603
173789857
474463731
157015333
818637710
511237152
756051655
446982646
544544464
916140094
422861246
569999815
275906444
1051188173
207112678
746274119
2281694
789625008
637512609
973549353
624103502
6216923
830799583
608581698
154745790
917266936
148158291
672820978
696577682
542995050
982535420
524367603
385725290
364133574
253340852
1
561180715
413078757
314611185
196193677
373027525
1048106997
178253267
1016538878
353871069
298961259
681123867
893966853
662544616
571249569
689796961
381788193
644349974
100762221
613648837
265142414
343309655
324938454
589208445
73734907
373810623
1061339459
290926795
209641880
642595033
234679246
629466773
914395578
23818893
998082637
456783854
588046952
18588543
858885144
487752571
322785372
329697917
454809476
270394226
93192821
998257998
540577615
843689847
923094204
954074332
132098071
156703064
913038600
25303238
842530415
348019508
184606648
501517614
675901336
570769182
682118909
717135986
768891474
925157339
691354142
396299007
455133040
26269754
762390505
721812045
780486708
336441035
235554231
53439873
429525431
360564086
189861634
360497387
424969346
112802127
205693791
363133336
251599199
272491303
463918918
930002721
379925906
685700847
956104962
53828663
298558618
751057690
410515237
902242889
645476436
609007020
428729345
584921402
682872188
686679621
186448971
641099255
353737918
484470118
715012471
168739581
475108439
915585886
830056176
1029214811
894191152
795824111
246570841
842617053
860529133
256487750
980666645
796585481
955724700
420694085
18755237
698299768
910162106
65776997
960275674
149091435
1050245646
710177829
528186748
516042611
952301606
971905699
114948039
519696063
973214234
55745545
590340095
506489601
1032497402
1017697275
266246827
905279048
561317594
316660596
625786308
652035547
93606393
250085362
119902155
331711238
27665352
388417895
131296419
948488606
409950451
387987113
528947856
571226173
215518613
1039807235
438820315
1011853602
225758649
369010561
25470250
709033106
712164462
609648066
484113526
396827846
228988631
288238737
839538422
21415058
1012876059
445573316
703778583
1050537347
866464336
231682203
894085650
208523098
1010302937
685661177
795650836
851165715
43500197
216842256
211313137
583783134
230675308
393872647
509982966
402616772
111548499
463332639
503393651
643301915
824766356
1058859792
552420807
1009248989
212535305
374500702
1056706849
301390807
44433286
34303854
1034873351
193193577
1012255501
448763806
988412866
331189278
366041529
730783784
686836892
765360700
925290566
418243263
771827074
516841965
166357657
988877454
105178927
859107474
416349137
792291769
704471964
332661052
473520669
395332931
646670071
841884176
767522084
669000375
814199827
457616336
923946332
13519722
720547917
1050868691
989393390
805915075
511718978
43897790
792059781
1055213785
947302164
208537088
11383046
501162326
260483906
795279224
469805391
53625170
250941861
45579155
834946721
1013523231
75307425
985837897
450903264
362903629
672327953
761510394
908230883
390231702
637209122
750824801
506435300
79316867
50668555
814500052
741945410
154250391
369447111
233387072
49630436
315549489
131976749
372119541
241130991
550653193
792735123
604969880
281255340
619290209
346112081
16176402
213189834
184062690
666132807
69480875
552652118
33023308
941562271
265960429
34846712
57548651
497180163
62060172
39929916
712138137
756071934
701072303
753169289
237540712
310105231
647196413
63693611
610074523
460574962
629126102
914208410
503325745
920067928
949413400
397744137
120767266
621396911
81904149
190242361
244912644
468381112
84384041
119266962
502752686
100919062
282370141
285414109
816048393
655253611
254213539
264242871
97446867
128479241
941395910
323877325
408186906
373607549
24658898
647668594
1038850572
689653545
1040198905
1036998294
834349740
495094220
747272462
789673295
360575525
388139247
955864112
778593049
662114430
1012950129
767789630
719776040
699926598
100890508
692502213
739422091
796374775
337363940
38919010
505270032
270421425
7779132
681640597
567025749
290632615
1055094815
476066797
960330571
77887684
335662650
694344289
95276888
1013365642
537741038
759911167
772781535
723528518
843853908
817090880
336893639
608164975
262665827
316150105
902927004
92496554
825205438
91479615
880556859
156831322
744152376
273066461
719338442
12995406
569286487
454085278
745334440
1022150254
426472391
952110616
964571684
394502578
555961664
970931043
805324733
44759669
477169647
512237799
5948669
873634195
167633513
696121551
831245671
748163033
580384311
809922755
145466540
165876273
274699454
1016301865
367286366
90528724
776380981
800826550
85923132
628895744
342084168
254859688
623279577
899567734
348492421
597184524
588092013
769296355
353902723
139455835
788038603
728611554
173789857
58489651
474463731
413868882
157015333
79720391
818637710
642268221
511237152
232828057
756051655
401592077
446982646
921638645
544544464
530552658
916140094
322295677
422861246
76492695
569999815
699538404
275906444
757263711
1051188173
726819184
207112678
249373473
746274119
104061744
2281694
19983340
789625008
235509378
637512609
311783179
973549353
1000857086
624103502
751828905
6216923
783127932
830799583
849965631
608581698
606067670
154745790
224588778
917266936
392530376
148158291
283980175
672820978
710095674
696577682
681131343
542995050
1066779938
982535420
474655656
524367603
401637940
385725290
491462548
364133574
214990311
253340852
834428178
1
770999838
561180715
600931680
413078757
399632248
314611185
847874286
196193677
941152891
373027525
793323727
1048106997
151115527
178253267
972788074
1016538878
74344660
353871069
172590633
298961259
307085184
681123867
323094968
893966853
609268158
662544616
780337984
571249569
1039960819
689796961
431515663
381788193
792275679
644349974
637507073
100762221
619698311
613648837
617045861
265142414
859793596
343309655
24251174
324938454
953230102
589208445
347725810
73734907
137078327
373810623
710336178
1061339459
258166344
290926795
562402415
209641880
405840319
642595033
137798070
234679246
309487699
629466773
1042543592
914395578
257558046
23818893
998438254
998082637
661676762
456783854
575405020
588046952
99941253
18588543
895677744
858885144
861915874
487752571
925574462
322785372
67592686
329697917
927652506
454809476
614559961
270394226
264438670
93192821
1028481592
998257998
126959784
540577615
968611830
843689847
394853062
923094204
716715141
954074332
396912886
132098071
390345837
156703064
552112915
913038600
733716053
25303238
744025603
842530415
417255440
348019508
612752598
184606648
428397371
501517614
569600277
675901336
566774202
570769182
524180408
682118909
687333213
717135986
907351641
768891474
1037057371
925157339
218768525
691354142
929759949
396299007
564665743
455133040
957908592
26269754
200175916
762390505
483849239
721812045
76006158
780486708
340835583
336441035
266743840
235554231
474563893
53439873
183430631
429525431
936143851
360564086
858700724
189861634
274021647
360497387
708914541
424969346
1011235962
112802127
914292921
205693791
824572418
363133336
625695089
251599199
21452561
272491303
971940222
463918918
922199996
930002721
856914051
379925906
601118095
685700847
450676965
956104962
791706993
53828663
738517838
298558618
693598203
751057690
157197046
410515237
489563408
902242889
878092565
645476436
918112763
609007020
1035307750
428729345
631144604
584921402
757042812
682872188
710271204
686679621
529338877
186448971
230479177
641099255
126687117
353737918
128831451
484470118
630961514
715012471
78709947
168739581
247941548
475108439
817856644
915585886
929801236
830056176
1054371783
1029214811
338040984
894191152
607217798
795824111
938517909
246570841
864273507
842617053
912922813
860529133
440057277
256487750
114047541
980666645
699821768
796585481
538470007
955724700
184039264
420694085
451367553
18755237
87904706
698299768
524687590
910162106
400471424
65776997
47180423
960275674
979620936
149091435
780009751
1050245646
930045824
710177829
688338200
528186748
176602833
516042611
16751580
952301606
1007889568
971905699
49596652
114948039
737116634
519696063
556438619
973214234
323398233
55745545
594816659
590340095
360807748
506489601
497556144
1032497402
187290676
1017697275
186866475
266246827
140508414
905279048
139953302
561317594
846216716
316660596
912633694
625786308
456674296
652035547
683360478
93606393
638467559
250085362
348453254
119902155
644210067
331711238
819529081
27665352
635519457
388417895
209233192
131296419
597252235
948488606
929727702
409950451
226797371
387987113
566541616
528947856
776945085
571226173
20561709
215518613
549159414
1039807235
856963630
438820315
305383311
1011853602
750786556
225758649
840310117
369010561
807074285
25470250
442950388
709033106
995154594
712164462
27128753
609648066
786788988
484113526
746833525
396827846
858884654
228988631
96588334
288238737
916542152
839538422
24628163
21415058
478914556
1012876059
189019915
445573316
437234020
703778583
197263297
1050537347
326495989
866464336
533078295
231682203
807454327
894085650
554603110
208523098
146037791
1010302937
313597560
685661177
930302948
795650836
718183001
851165715
742162420
43500197
872821312
216842256
1027488581
211313137
43375413
583783134
36560965
230675308
93083445
393872647
658854390
509982966
482018366
402616772
965522950
111548499
460065008
463332639
962089415
503393651
1012246263
643301915
300219104
824766356
342559239
1058859792
91934728
552420807
1060348476
1009248989
400251859
212535305
417950964
374500702
517563423
1056706849
600367303
301390807
763539381
44433286
868078697
34303854
298904220
1034873351
690821213
193193577
388281598
1012255501
962700965
448763806
651633032
988412866
355705312
331189278
529753496
366041529
468573605
730783784
552373000
686836892
1005706974
765360700
11097953
925290566
94677900
418243263
334054712
771827074
196532751
516841965
583242989
166357657
105238569
988877454
1054341170
105178927
253596000
859107474
1005058681
416349137
605060230
792291769
451431495
704471964
837575380
332661052
864263795
473520669
804638042
395332931
586620088
646670071
329768561
841884176
283598991
767522084
752837126
669000375
1002405352
814199827
117761029
457616336
855454139
923946332
879142215
13519722
890729678
720547917
711852647
1050868691
863426134
989393390
252688157
805915075
260491224
511718978
457727398
43897790
782035056
792059781
972714014
1055213785
21768451
947302164
13647110
208537088
598507556
11383046
913738748
501162326
673423171
260483906
731737423
795279224
97774994
469805391
585509350
53625170
703994900
250941861
712200240
45579155
532647408
834946721
1044968184
1013523231
609840961
75307425
38867207
985837897
665316368
450903264
135888006
362903629
87783463
672327953
199177374
761510394
308783348
908230883
852845586
390231702
402624992
637209122
589999146
750824801
489341377
506435300
998484571
79316867
20879265
50668555
707138026
814500052
651364956
741945410
972071808
154250391
741134360
369447111
756983187
233387072
439208982
49630436
235397020
315549489
23935365
131976749
356091133
372119541
1009361888
241130991
989791208
550653193
503217804
792735123
276199959
604969880
678328451
281255340
39295708
619290209
197677998
346112081
638772460
16176402
641353164
213189834
771611795
184062690
1064553337
666132807
834127342
69480875
869811758
552652118
1036112632
33023308
390006848
941562271
1031188230
265960429
461542920
34846712
967486609
57548651
761726319
497180163
684335750
62060172
531420198
39929916
992752618
712138137
485864176
756071934
485366642
701072303
223249939
753169289
142219714
237540712
149054060
310105231
268841191
647196413
754395004
63693611
44813418
610074523
435850703
460574962
1036108772
629126102
1015400400
914208410
649832438
503325745
871154853
920067928
110746961
949413400
55281742
397744137
80213804
120767266
544924974
621396911
440161386
81904149
1434538
190242361
402988622
244912644
499742868
468381112
470078204
84384041
556417446
119266962
492061027
502752686
674180772
100919062
780492858
282370141
557927215
285414109
1003696588
816048393
1047757333
655253611
759320220
254213539
553313713
264242871
189136687
97446867
405411803
128479241
735192987
941395910
21022344
323877325
43539752
408186906
1015952106
373607549
1057855844
24658898
985291186
647668594
639719476
1038850572
432245732
689653545
1029113283
1040198905
618526966
1036998294
952386892
834349740
287375625
495094220
495022584
747272462
881019756
789673295
811532507
360575525
408056311
388139247
30955661
955864112
275642302
778593049
606706614
662114430
158750577
1012950129
381309525
767789630
510952680
719776040
10276312
699926598
927512398
100890508
721511051
692502213
595285035
739422091
773295316
796374775
478009420
337363940
316773774
38919010
912750573
505270032
638917680
270421425
546513989
7779132
874955030
681640597
551403379
567025749
166183479
290632615
216289140
1055094815
247637650
476066797
324807336
960330571
568230087
77887684
108077018
335662650
329943874
694344289
141553657
95276888
412501047
1013365642
695208450
537741038
411554402
759911167
757846392
772781535
620294274
723528518
396947408
843853908
636417079
817090880
476252146
336893639
47008729
608164975
942763346
262665827
245594813
316150105
865107247
902927004
979678314
92496554
829427988
825205438
436219714
91479615
198032666
880556859
363004515
156831322
732031942
744152376
379871051
273066461
820959630
719338442
856627799
12995406
462131065
569286487
424135640
454085278
962822983
745334440
1039799910
1022150254
53407363
426472391
1013372865
952110616
309691737
964571684
293261641
394502578
651509847
555961664
19323746
970931043
632609485
805324733
374794037
44759669
397983335
477169647
794094121
512237799
580682886
5948669
409404273
873634195
524769900
167633513
671985186
696121551
871727895
831245671
1005724353
748163033
110586586
580384311
186320732
809922755
788084974
145466540
475437215
165876273
174674152
274699454
503982800
1016301865
460982263
367286366
136338947
90528724
1027664628
776380981
461112424
800826550
529377777
85923132
997313398
628895744
720296466
342084168
667661265
254859688
745156327
623279577
455304818
899567734
191237408
348492421
737118534
597184524
503254937
588092013
942914327
769296355
33359119
353902723
245534307
139455835
878503477
788038603
30710600
728611554
174683122
173789857
905206551
58489651
450370141
474463731
466035228
413868882
106689286
157015333
184574686
79720391
903575076
818637710
484305115
642268221
1063319720
511237152
575492056
232828057
659792967
756051655
834159146
401592077
481174273
446982646
67269787
921638645
405259303
544544464
55349569
530552658
344374484
916140094
908491806
322295677
820961833
422861246
960288731
76492695
169368268
569999815
99293754
699538404
461962769
275906444
125712555
757263711
148524905
1051188173
521825554
726819184
308414707
207112678
983271487
249373473
39750071
746274119
454696511
104061744
918813857
2281694
480546391
19983340
246228040
789625008
36058197
235509378
802979182
637512609
1032829843
311783179
269793691
973549353
972110712
1000857086
547391214
624103502
866040746
751828905
99616718
6216923
65933132
783127932
824206927
830799583
218081345
849965631
573203437
608581698
355666785
606067670
738811215
154745790
98929721
224588778
904273610
917266936
349848461
392530376
945860146
148158291
48664227
283980175
660390055
672820978
498220349
710095674
202866466
696577682
805395505
681131343
119642301
542995050
412022993
1066779938
22779059
982535420
732707358
474655656
856530514
524367603
806605372
401637940
1043073612
385725290
357124472
491462548
832351341
364133574
479807832
214990311
798124226
253340852
683273121
834428178
504852451
1
538710288
770999838
830579259
561180715
677470743
600931680
521070269
413078757
101348988
399632248
739169868
314611185
309060714
847874286
965619423
196193677
718718929
941152891
657915764
373027525
948524939
793323727
411291185
1048106997
874124599
151115527
440813896
178253267
494368971
972788074
394979890
1016538878
128089570
74344660
452896626
353871069
288387766
172590633
785728776
298961259
346791273
307085184
183624503
681123867
807765658
323094968
658117270
893966853
71444868
609268158
837306233
662544616
244392255
780337984
915660384
571249569
964098129
1039960819
940101485
689796961
834397914
431515663
482974370
381788193
244310703
792275679
574558049
644349974
831069555
637507073
663338137
100762221
72559411
619698311
98160201
613648837
432835309
617045861
535716430
265142414
634622626
859793596
813573638
343309655
436295068
24251174
878224483
324938454
952169374
953230102
73197932
589208445
829155096
347725810
249614449
73734907
474354131
137078327
213674829
373810623
445127376
710336178
503625682
1061339459
522521099
258166344
917795841
290926795
245253048
562402415
877577251
209641880
213994635
405840319
962490011
642595033
429923606
137798070
825231531
234679246
602334587
309487699
100005765
629466773
1048081831
1042543592
988333268
914395578
57179739
257558046
532600180
23818893
265176377
998438254
92870409
998082637
1008783458
661676762
251920296
456783854
119668866
575405020
285240990
588046952
326361191
99941253
284861860
18588543
648848334
895677744
190418307
858885144
24278276
861915874
610368117
487752571
923390917
925574462
909146418
322785372
562938522
67592686
197453170
329697917
630810377
927652506
665382432
454809476
358293639
614559961
407784875
270394226
533232936
264438670
865086642
93192821
987623435
1028481592
437397937
998257998
1038440464
126959784
482176097
540577615
819018561
968611830
58245192
843689847
664920553
394853062
579337737
923094204
491611154
716715141
440796236
954074332
752594187
396912886
731854874
132098071
423672367
390345837
745364658
156703064
853987940
552112915
605928476
913038600
981127648
733716053
332834070
25303238
597821002
744025603
952425664
842530415
341718265
417255440
808116729
348019508
490841117
612752598
567788078
184606648
867494600
428397371
681654023
501517614
1012361975
569600277
386905071
675901336
534247800
566774202
48197978
570769182
6270790
524180408
439165439
682118909
718262000
687333213
884021014
717135986
950027068
907351641
412059829
768891474
519934468
1037057371
694432876
925157339
30098829
218768525
273189232
691354142
452633782
929759949
576953751
396299007
376154811
564665743
913312868
455133040
182275584
957908592
762911363
26269754
536363503
200175916
585231749
762390505
444954230
483849239
377962839
721812045
865956396
76006158
320232617
780486708
380058804
340835583
36798701
336441035
623114490
266743840
877063082
235554231
51331510
474563893
361873716
53439873
246498396
183430631
274331890
429525431
1065364737
936143851
805048327
360564086
52897540
858700724
421934590
189861634
70671213
274021647
98081681
360497387
30942898
708914541
956628608
424969346
703750693
1011235962
302571011
112802127
132971029
914292921
856827772
205693791
1017380853
824572418
687004263
363133336
769320670
625695089
161825775
251599199
499921609
21452561
4032023
272491303
875387690
971940222
534758742
463918918
575793438
922199996
671348035
930002721
622696624
856914051
600473825
379925906
406851231
601118095
6429061
685700847
506450238
450676965
481915595
956104962
68310523
791706993
829246096
53828663
418203646
738517838
7769158
298558618
437815391
693598203
987818938
751057690
770251549
157197046
398728535
410515237
559190906
489563408
347595658
902242889
168592811
878092565
520932296
645476436
444634290
918112763
184662585
609007020
531781292
1035307750
693616149
428729345
901503888
631144604
52995202
584921402
1032047480
757042812
809944888
682872188
309090880
710271204
219852010
686679621
1037235423
529338877
253324141
186448971
743459434
230479177
583530606
641099255
541159162
126687117
189147321
353737918
820176902
128831451
800545848
484470118
135745132
630961514
16517117
715012471
402620140
78709947
331360055
168739581
109496098
247941548
785086602
475108439
612287697
817856644
697405339
915585886
227923003
929801236
730339254
830056176
63325880
1054371783
61231489
1029214811
703781572
338040984
104915866
894191152
979242352
607217798
474726980
795824111
449848205
938517909
525316305
246570841
383114248
864273507
779649033
842617053
747044662
912922813
475428412
860529133
811749736
440057277
536923223
256487750
86928373
114047541
50575756
980666645
336405149
699821768
318116836
796585481
605741982
538470007
700222669
955724700
822716046
184039264
562227910
420694085
428373424
451367553
966137957
18755237
730436574
87904706
894546197
698299768
126280845
524687590
535370739
910162106
54100072
400471424
76663294
65776997
339049467
47180423
463184655
960275674
120509706
979620936
860046434
149091435
588011031
780009751
945588553
1050245646
1047686040
930045824
388962491
710177829
1060039139
688338200
74785381
528186748
159543179
176602833
127670601
516042611
236479619
16751580
284522653
952301606
31354661
1007889568
133506378
971905699
859836581
49596652
35432314
114948039
356210456
737116634
927107270
519696063
848775576
556438619
509038823
973214234
747855322
323398233
617904218
55745545
377386935
594816659
668231882
590340095
249896031
360807748
892629501
506489601
505875086
497556144
985161579
1032497402
1043108471
187290676
226674737
1017697275
608383276
186866475
663478814
266246827
1067688511
140508414
909880064
905279048
42162362
139953302
191332818
561317594
871259760
846216716
585711467
316660596
146746157
912633694
1044302524
625786308
317806710
456674296
359449322
652035547
19361180
683360478
987189418
93606393
333807037
638467559
216407358
250085362
128255118
348453254
742171892
119902155
211615218
644210067
920344017
331711238
696945473
819529081
37897718
27665352
68398106
635519457
179742032
388417895
235084673
209233192
377371258
131296419
890927573
597252235
100516682
948488606
464049294
929727702
445093546
409950451
175486650
226797371
772177170
387987113
481534484
566541616
899893458
528947856
206551488
776945085
651226543
571226173
538692645
20561709
306167404
215518613
938517201
549159414
348157536
1039807235
1005555435
856963630
619484395
438820315
135483514
305383311
1055750934
1011853602
997920778
750786556
421069120
225758649
105267395
840310117
278433624
369010561
499386091
807074285
50926490
25470250
1039935386
442950388
809272484
709033106
55868490
995154594
826286498
712164462
865959595
27128753
804406407
609648066
629038969
786788988
305540230
484113526
409931200
746833525
385833861
396827846
28241047
858884654
1027722588
228988631
699660036
96588334
177083637
288238737
940299359
916542152
49871216
839538422
203143501
24628163
908604595
21415058
827865349
478914556
769043399
1012876059
695950033
189019915
524545741
445573316
197886884
437234020
39933525
703778583
262137515
197263297
263595108
1050537347
328477026
326495989
24266983
866464336
373047524
533078295
388125201
231682203
208264737
807454327
444799415
894085650
213196122
554603110
267783097
208523098
921282092
146037791
673989544
1010302937
743739544
313597560
766324798
685661177
674372096
930302948
820611216
795650836
177905699
718183001
952838789
851165715
418767753
742162420
294015603
43500197
272659286
872821312
339887996
216842256
335857284
1027488581
571685707
211313137
662658938
43375413
472875547
583783134
720472985
36560965
483283079
230675308
991210324
93083445
976802679
393872647
687832596
658854390
1060668473
509982966
275336831
482018366
668725448
402616772
970821854
965522950
1004893440
111548499
700240748
460065008
946533434
463332639
304722531
962089415
841313432
503393651
667456850
1012246263
935136508
643301915
410690296
300219104
31378516
824766356
321939342
342559239
355178136
1058859792
89610161
91934728
188627484
552420807
523074803
1060348476
153895526
1009248989
37265574
400251859
141255328
212535305
828895706
417950964
1035565658
374500702
244765850
517563423
432105457
1056706849
859204120
600367303
372591551
301390807
471023369
763539381
344959088
44433286
119080097
868078697
510369762
34303854
70670743
298904220
995516881
1034873351
179058871
690821213
585158984
193193577
1011615341
388281598
519694435
1012255501
777957930
962700965
881574909
448763806
691625837
651633032
676576819
988412866
669462996
355705312
182933826
331189278
437434568
529753496
564772736
366041529
434158102
468573605
613863014
730783784
392254601
552373000
987660332
686836892
978905998
1005706974
683815399
765360700
928269489
11097953
983336205
925290566
908255448
94677900
344824713
418243263
866652759
334054712
813365448
771827074
1004789554
196532751
790009374
516841965
127303620
583242989
480301921
166357657
301002806
105238569
588714635
988877454
615552908
1054341170
861286269
105178927
759193187
253596000
53962506
859107474
97460416
1005058681
608777072
416349137
593848332
605060230
227515318
792291769
222844752
451431495
886267093
704471964
1009954389
837575380
96227198
332661052
373994987
864263795
943735850
473520669
833519204
804638042
292505018
395332931
277922232
586620088
262721456
646670071
73245428
329768561
750800678
841884176
949033175
283598991
195339385
767522084
159627834
752837126
658867499
669000375
166810168
1002405352
835990336
814199827
456485335
117761029
125998242
457616336
361683204
855454139
545130433
923946332
334593986
879142215
77352336
13519722
876068047
890729678
810358495
720547917
193235952
711852647
949636446
1050868691
922669513
863426134
400770859
989393390
516552034
252688157
398609382
805915075
725299739
260491224
818330119
511718978
557896724
457727398
469651878
43897790
1003560658
782035056
372724454
792059781
556402938
972714014
951409488
1055213785
344824387
21768451
602556686
947302164
570565297
13647110
624375721
208537088
748944126
598507556
196066670
11383046
486662875
913738748
618238501
501162326
735580473
673423171
440098825
260483906
1055721745
731737423
696543163
795279224
269772364
97774994
1050168837
469805391
193616116
585509350
789658681
53625170
50197880
703994900
560453999
250941861
915106771
712200240
303945299
45579155
930730392
532647408
696965449
834946721
63070871
1044968184
211033718
1013523231
541631597
609840961
385116798
75307425
96725258
38867207
1038647395
985837897
430854350
665316368
615196834
450903264
760979398
135888006
518731684
362903629
134192025
87783463
445823792
672327953
190846976
199177374
973694292
761510394
398949875
308783348
273948119
908230883
292657054
852845586
43124192
390231702
184031501
402624992
512908909
637209122
8485501
589999146
834820500
750824801
794607933
489341377
15344871
506435300
636831409
998484571
411879328
79316867
934998107
20879265
911968315
50668555
757475647
707138026
838352449
814500052
645412760
651364956
179138416
741945410
621162685
972071808
983761996
154250391
987894784
741134360
526623109
369447111
529524092
756983187
522597655
233387072
1046146973
439208982
288694698
49630436
129113200
235397020
379275945
315549489
618201184
23935365
109463379
131976749
154173570
356091133
368607277
372119541
125359837
1009361888
386696570
241130991
650876284
989791208
655859580
550653193
335932540
503217804
590785081
792735123
911189435
276199959
606482884
604969880
236941513
678328451
944142035
281255340
886205244
39295708
692451006
619290209
757909937
197677998
943517550
346112081
815370165
638772460
48663049
16176402
214568661
641353164
949787956
213189834
78218696
771611795
28645698
184062690
54007490
1064553337
337283459
666132807
885906189
834127342
470860343
69480875
1036904287
869811758
887782359
552652118
886877519
1036112632
851001331
33023308
412635026
390006848
521812106
941562271
398798696
1031188230
963760563
265960429
508185714
461542920
685440742
34846712
214949639
967486609
144833831
57548651
854216839
761726319
4215036
497180163
142146590
684335750
739512912
62060172
760823272
531420198
311182263
39929916
1047153571
992752618
660863220
712138137
634265652
485864176
226695008
756071934
502192522
485366642
747246956
701072303
276044373
223249939
48303469
753169289
125354532
142219714
195645632
237540712
242660683
149054060
918589636
310105231
310048514
268841191
313592897
647196413
791837868
754395004
738047544
63693611
83625394
44813418
917375537
610074523
713858587
435850703
669277322
460574962
677751288
1036108772
600703565
629126102
745355695
1015400400
1009729358
914208410
927669503
649832438
803294577
503325745
29697264
871154853
82769146
920067928
688140860
110746961
611331064
949413400
965580992
55281742
219243139
397744137
250218264
80213804
731266394
120767266
165171840
544924974
269022677
621396911
10819405
440161386
919791387
81904149
410346416
1434538
357530426
190242361
871565313
402988622
879994653
244912644
925246369
499742868
829984460
468381112
527338934
470078204
74274674
84384041
251663528
556417446
991185483
119266962
238683246
492061027
248378504
502752686
399962732
674180772
220394230
100919062
218855899
780492858
236328695
282370141
987546531
557927215
177888840
285414109
158990432
1003696588
450930263
816048393
72406621
1047757333
226854885
655253611
480896118
759320220
9331645
254213539
829677044
553313713
903292659
264242871
880843237
189136687
648474384
97446867
487983448
405411803
707065943
128479241
465380042
735192987
1019183760
941395910
210923648
21022344
118272989
323877325
564491265
43539752
122192030
408186906
643584400
1015952106
312765520
373607549
357282983
1057855844
759728710
24658898
656767002
985291186
601949477
647668594
133621503
639719476
1042300247
1038850572
1002304686
432245732
484204297
689653545
647972305
1029113283
700301627
1040198905
229146848
618526966
198784832
1036998294
732702583
952386892
771956620
834349740
849606161
287375625
887732177
495094220
683613711
495022584
379722214
747272462
992038291
881019756
80196341
789673295
548416490
811532507
317326277
360575525
704412269
408056311
908205463
388139247
310984913
30955661
899333370
955864112
111767865
275642302
738749834
778593049
603107758
606706614
558568466
662114430
1032151014
158750577
710319172
1012950129
184456270
381309525
66136242
767789630
412333800
510952680
694725048
719776040
368547041
10276312
842540481
699926598
201341772
927512398
385663315
100890508
121081720
721511051
960980191
692502213
474820854
595285035
541081548
739422091
626092061
773295316
28080777
796374775
412737405
478009420
990836606
337363940
649517524
316773774
147236836
38919010
367053579
912750573
46394488
505270032
799911040
638917680
862479429
270421425
418585222
546513989
834352287
7779132
243357269
874955030
258474083
681640597
2936447
551403379
451958676
567025749
527316635
166183479
779304740
290632615
1043419360
216289140
39035432
1055094815
1028333301
247637650
651944821
476066797
218911911
324807336
469296380
960330571
530862331
568230087
705465273
77887684
600855621
108077018
972486689
335662650
401886204
329943874
564765676
694344289
843520677
141553657
429095686
95276888
563660940
412501047
406409073
1013365642
239434878
695208450
801906610
537741038
299767547
411554402
545674649
759911167
956215559
757846392
458851398
772781535
729070117
620294274
79323953
723528518
425711116
396947408
936500156
843853908
133454232
636417079
383031494
817090880
28507025
476252146
256277737
336893639
139770188
47008729
350780504
608164975
589181008
942763346
338235395
262665827
152314551
245594813
438941855
316150105
673557486
865107247
263990960
902927004
947767925
979678314
131995519
92496554
92525488
829427988
49160760
825205438
1045496675
436219714
108150768
91479615
616121579
198032666
571144100
880556859
787938969
363004515
458091590
156831322
237979623
732031942
887484953
744152376
608263008
379871051
185229113
273066461
855470012
820959630
99674811
719338442
971300577
856627799
697034219
12995406
714008506
462131065
794071188
569286487
677438486
424135640
303757196
454085278
562273920
962822983
4874186
745334440
60639804
1039799910
677275272
1022150254
286243066
53407363
535475844
426472391
660167457
1013372865
109369524
952110616
822302832
309691737
245931016
964571684
145327729
293261641
54637309
394502578
521063189
651509847
48782529
555961664
15122330
19323746
214600952
970931043
670260296
632609485
534070121
805324733
894383729
374794037
457471821
44759669
323489725
397983335
262394843
477169647
573323944
794094121
516812924
512237799
67466635
580682886
800434228
5948669
239622295
409404273
70578260
873634195
657915560
524769900
724269110
167633513
252800088
671985186
85470505
696121551
578986779
871727895
170329463
831245671
320302690
1005724353
247947484
748163033
1029856060
110586586
611211622
580384311
546885715
186320732
910629133
809922755
56478915
788084974
964767011
145466540
621186708
475437215
351291846
165876273
739456467
174674152
36149341
274699454
311000711
503982800
1013911494
1016301865
852708962
460982263
158158100
367286366
430048672
136338947
575808589
90528724
907432976
1027664628
478640767
776380981
126846007
461112424
80188616
800826550
22489706
529377777
899076624
85923132
850346374
997313398
216966912
628895744
924421123
720296466
145501311
342084168
848139094
667661265
181168971
254859688
886373028
745156327
485841914
623279577
71960554
455304818
672140749
899567734
614726232
191237408
270312868
348492421
985061056
737118534
917448648
597184524
873222583
503254937
241192678
588092013
343596279
942914327
862967798
769296355
878636709
33359119
245213532
353902723
426636478
245534307
1000697899
139455835
478738156
878503477
735384696
788038603
403104583
30710600
717895251
728611554
502993020
174683122
811557203
173789857
420792984
905206551
677245812
58489651
456857517
450370141
21749401
474463731
86028378
466035228
265716814
413868882
724010523
106689286
460243991
157015333
673531180
184574686
413655579
79720391
3857879
903575076
563941003
818637710
678946785
484305115
707989432
642268221
968850179
1063319720
543029536
511237152
78619887
575492056
342146802
232828057
418294575
659792967
993907125
756051655
727869195
834159146
214713171
401592077
832053407
481174273
70733428
446982646
535105796
67269787
690620730
921638645
230818671
405259303
301397362
544544464
977452901
55349569
1036226333
530552658
661262114
344374484
355297583
916140094
89570992
908491806
166278247
322295677
516172325
820961833
917355285
422861246
510978537
960288731
563608675
76492695
65896438
169368268
763309271
569999815
776142374
99293754
572428605
699538404
570945470
461962769
992796044
275906444
653365292
125712555
421967885
757263711
329192789
148524905
914964423
1051188173
567211564
521825554
470568866
726819184
189772167
308414707
360833750
207112678
1028224210
983271487
723440861
249373473
619434137
39750071
100069513
746274119
672073837
454696511
780719541
104061744
638470093
918813857
867403202
2281694
295517685
480546391
363171450
19983340
321039485
246228040
124955938
789625008
992948757
36058197
989953986
235509378
968761790
802979182
526474801
637512609
965847986
1032829843
690378308
311783179
374927859
269793691
307640193
973549353
676174273
972110712
579055404
1000857086
143365124
547391214
733075569
624103502
860200311
866040746
884347597
751828905
825488410
99616718
905560677
6216923
468485152
65933132
518176231
783127932
782337836
824206927
1039043602
830799583
167701626
218081345
145031712
849965631
124521962
573203437
447348945
608581698
739228606
355666785
679071284
606067670
290922625
738811215
409205636
154745790
1023659449
98929721
1065512233
224588778
418833651
904273610
427441950
917266936
342264048
349848461
119865460
392530376
921824977
945860146
790899379
148158291
1028659832
48664227
1035884129
283980175
378717622
660390055
153968565
672820978
243178502
498220349
977062155
710095674
1033429506
202866466
403861430
696577682
452227051
805395505
521119309
681131343
211926816
119642301
333684446
542995050
468360876
412022993
850428063
1066779938
410139562
22779059
1012002204
982535420
480532326
732707358
506363220
474655656
825497257
856530514
1062244407
524367603
224219134
806605372
436106007
401637940
179408826
1043073612
70957868
385725290
263824876
357124472
886308774
491462548
714126165
832351341
525419285
364133574
522941880
479807832
675020332
214990311
1028401782
798124226
718078346
253340852
1022600914
683273121
22060007
834428178
734283764
504852451
1068102435
1068172561
899948469
997614274
383135591
660133673
77602633
919691979
217826049
1057353952
448619762
929045127
888530017
175436568
1061666665
618597823
685633016
741691714
739926119
635450472
439169319
569789599
1022288345
648126894
584088240
671760410
939696589
773750623
797907672
472341881
957432686
75620819
174813621
163599595
115552124
546652029
507523489
368807998
819470402
36679344
796180249
883583248
272442046
564967494
166444189
480414851
230009352
120873037
75862198
537341918
894597811
720414738
780068784
599204750
709601172
448766181
220458900
145335855
87076759
481385256
196481556
974243930
988401731
387716559
315564242
601763667
134950497
141410888
42473165
478935079
850936994
571367691
1009012212
743764043
753937263
887475304
40738291
657118249
339908079
732653013
178856626
439601869
588640610
173026890
99932361
33463516
928386920
853800335
425214600
1061556803
149800314
627797497
460779994
419522465
1016564902
895912706
609864993
399576542
463141161
433025123
1039668772
952243948
104530608
569635605
567321689
1008078427
158823420
985282563
561582204
851598385
752005478
108736318
959201573
826245082
205903930
513323392
265173699
337530361
717389140
38574173
637083842
575859944
116751164
611109727
384201742
530409335
594955490
358523066
17595210
1059918635
404635626
889290479
791769344
342686851
544901042
41615105
640356664
1062852065
898247325
170536642
791567462
667665674
471241136
227360556
98518077
906471401
767056938
320599907
911418556
499153518
414955491
114536237
217388040
416202377
807160593
338947225
41803741
40582086
378342425
914663879
135044303
1031457725
604803820
892776794
867418394
485387191
957497459
666404419
89593714
177721304
442088829
693962198
790423319
323979137
1004915508
775715515
980075549
344920387
322627407
827120624
708021225
862596211
870908335
439285903
298997026
301423290
269564263
594935871
392004640
3736766
789477320
1039018526
841735798
335207682
902547828
946733202
171604675
653457707
26041997
313852311
116255411
684817263
894575336
346514818
753736772
87296654
341269284
546338668
620134923
984438621
406900379
397920769
286044290
114836149
47183491
801288280
359864516
1015552292
876211132
820165989
123995853
772508234
367399248
792409629
168872044
962058607
759855150
230902725
855216459
951933435
943613153
93357719
970161718
477769572
560428978
194697570
536713757
954215627
293359668
489813169
886799260
280208047
353136362
702610719
814585746
512641879
14096560
566325424
926336786
629058207
9751809
691242232
374397530
807839936
332868494
746266573
858010746
953361834
541931345
109830968
257979170
660008321
692890695
704419630
330935795
898105480
874638936
719744373
880125204
706098448
851007316
598668834
750502035
514375081
282771985
1043116590
1054653295
878175911
33753485
23016128
899171971
539023488
628048802
1034552385
879627324
276639360
885212782
92409831
1037910706
907894607
84787243
1041645743
10456231
299217056
1053716309
691838443
304989023
834978987
752292008
814525867
1043423983
722245936
155674185
166206665
77434082
261057689
873337226
733510504
142028285
341921309
616560760
370292328
832238061
836136921
66583089
816940526
591503639
718601363
887345718
454619176
647814723
1044514198
224154944
894846077
840500937
939590999
860443076
704859503
346111830
368137021
221697411
598800167
504260151
360718414
986217204
125369487
193026925
566672894
50324199
1033306403
456612153
1011979432
510026335
155825813
168462500
838431487
282024524
190027528
896657993
831126289
404421996
220888611
280727521
904382769
475407133
1065805200
866355942
920522839
501192129
421376307
569456694
714445540
1052701131
530296662
728535090
1024641941
941181974
241923815
461712092
46302073
149361396
317130276
474170355
537061662
223302188
1049666573
312414485
35942155
510452015
941041071
501284670
349111024
255354562
131347984
165656469
218294293
264298749
796749815
891450935
766807252
746166753
781608225
77455235
744171425
301318896
197645675
534046523
470144999
540648791
527613332
124295057
528249451
776328260
388506108
947063806
772987924
59265222
220859382
854342742
444523250
781879654
909002926
816310873
863280826
1066153574
259952540
44803474
198467390
38950982
943465902
865828435
111561226
423958661
728890571
482515950
482574978
372852675
648614081
544005579
132953279
1057030002
217258062
438973360
104805744
319071580
736457332
189900061
1064361710
193608814
936902463
894798312
320406310
524473626
793880299
660338845
211436478
819173874
923018845
659313184
18826126
613337402
348704719
87207072
852816702
801536764
599334276
17808892
188454697
80910382
336480231
352785287
462100871
771686872
805853932
302673588
27293207
22100823
436268288
473985966
419060261
226042886
978191768
35820225
59090996
76310324
48519259
589221367
286017382
131403588
935247299
66093521
67726165
581205842
71126013
193387254
42686030
7941831
595470962
2230675
1038871819
216347329
852683205
284197213
644776930
177390878
487103817
1019579137
379460710
261983518
933962778
9517375
176847284
400984565
773323012
773514150
544093949
418196136
697775749
113141432
764598899
708062558
438291337
162565270
393005876
940444246
753961227
768211931
881632385
1053621754
161084074
116481258
334243041
210972806
351975787
819317783
163167858
389991936
241246529
824799721
571889933
135458855
133598677
80965616
638789769
674825438
366677698
557923042
519093934
123749552
939444597
1024518043
990227880
149721421
165781359
134172012
540402339
440319938
637099448
741358676
795443680
976594808
979054821
653193089
380753456
397157925
923613336
814434156
864468829
492288737
223103222
991504876
520843157
966530195
220248500
726268669
200675324
362210204
1006621417
257090886
80684171
781781005
469156832
394440212
1060151396
203787786
289755407
252751775
686870293
999684282
954194517
632668587
720838885
73923297
988180573
821289768
166694919
616772642
777387221
967529789
140120159
791322332
471158464
513962460
419809297
93947147
200330515
475283899
272814711
552592765
1066804018
753351589
703855933
885635288
599963315
997733164
287142444
685571488
668395588
982973462
66301745
804496455
305470262
311593063
196485444
819534373
296086426
312406602
1007222141
880052486
621347491
1027225517
172071907
158986217
100399184
760826793
767518569
861043271
925399671
112319592
235531780
207260422
132845502
362644436
446860164
555436424
395217184
1043158680
1020399745
900392033
568857827
946699400
843371803
478892318
3117712
205040563
400342144
669392838
373962910
282729774
427879376
1022930274
610050447
909663216
438116550
891953248
805798981
865998876
442720482
782286436
882570836
635631371
596564614
910943621
661772361
450610396
857995599
1044126808
323143542
603557273
969026763
666533902
712245597
258402434
582847694
853549219
459754751
916522521
552179515
1050523179
717235056
769390538
592612860
463964821
488459482
102892197
500254824
271090585
1009889209
773307156
696556916
878872376
92178673
739410199
697393462
610067529
432748402
270304449
605595616
446398954
985607390
670384609
474592541
986998918
882044744
949543661
1001368049
268536449
669091798
661600278
171048728
600237580
363302869
281883790
252774854
1009255832
534840501
336505308
847936303
427969651
248850889
797822194
761227355
422496104
509543033
828628404
535690280
193245963
285608879
288697183
327286756
1066068048
326508898
362608293
870749003
11509447
177734834
607753975
591442640
1047726669
836415210
263520202
730493923
1010695531
832189983
914101884
916057603
902360814
689984121
665672889
996392891
556183042
281843021
84146614
1046679764
184372760
755002666
142277999
402190917
872191429
385839276
722349411
689830796
905443117
623034854
615078118
340920249
138915569
128245708
229060193
801168879
671026354
296543422
485754530
1027895209
71040116
767427755
296021484
986669940
867243141
302835645
344714062
101393849
554487294
586584045
165986644
168152829
413442465
384043718
818934245
1009133471
313052230
206123595
198241580
649940015
190680908
743409184
793705587
935791010
427031641
305514855
741361864
247590272
344071280
373194149
135402524
715562334
705848115
505665888
232593501
670275031
965097832
68474295
1060598379
564245154
724596772
486006003
242952688
217633594
795894430
532851855
712073982
9682829
291219935
252696310
115926941
173843047
393740920
105415733
139450773
707052124
169320068
535003281
1064566598
436573268
628640053
72092344
1055693804
752565697
717446407
586728051
1012895272
868925885
1022280394
592151693
648125033
422634293
322452084
498411352
849120392
778747274
787483705
746957309
646184206
1034201145
141969492
26515913
862574772
309589260
794572761
785990670
569167047
796335099
317396564
553697762
479006630
605370011
1027521295
619790309
130965884
15125751
192527206
968021878
902513585
911393338
686452485
349708142
736559162
494650338
288037054
827957167
158212456
655468485
1017693840
171355361
665208384
499411319
448843856
917257469
340926179
4628709
64360638
831432403
1003651108
695910747
153533802
1014044428
659466124
43621814
859315905
265115102
217679916
775712109
340111987
1066276121
809049431
1010991718
58073618
52873680
202082307
485139314
947517240
652236072
100294998
940045435
572861180
974726310
496833241
151138428
63515334
244545661
840313219
983459580
327895324
269998903
856538695
386865428
963298410
430933244
43195545
462201229
1025089182
894008227
767676314
81555431
860162007
808706466
761597211
131401023
5977605
827036047
985511962
636861431
102703312
213805465
370914638
827643188
79420044
630931323
335146676
575997316
330130905
349151887
681305086
516320901
449999582
688743304
37409151
901340038
775927707
508106930
804789591
90518835
164292622
810372218
772173753
951073270
525696724
996396908
731874632
703416692
236347917
764576319
114926049
474349762
906616328
270630082
352013026
485921184
289895306
1041318425
561647163
701257196
434158693
401202941
453197931
174001675
53701629
268495368
123757713
365459567
835700376
864302507
275053738
744694635
349958015
731968910
930544079
782783166
437200724
775971925
2254569
773450720
742690578
661914934
625488407
995847249
956066658
448628569
1032300397
397267064
981770410
294492327
1062929153
33615606
399476974
485533090
689501566
791847064
980810614
408485919
336698911
728455668
160204371
908551843
1053187345
168115064
625421554
30558167
242100157
79080060
744647561
448428882
750834213
36905555
350879475
767211703
340102705
276502970
768510335
493333032
4550784
524536976
580879613
57133367
680989485
225618739
615903846
715277811
1015835809
358381586
720638926
1025603410
473997761
472668685
340406523
569178987
542165436
549113104
292743108
594820406
770786037
944971417
85351362
482795145
68023815
83859087
976060129
427997941
400981029
777723738
910704029
1008301798
804828736
928334786
308322949
143648982
453894831
377526011
53721000
510891240
91640858
264774330
242937863
553350744
955607105
95354739
740085114
481688551
648743985
404974
502782949
242388802
164020545
182681688
993492424
935879704
76129213
333748247
363861052
363745617
347266007
354874754
970870109
39106870
377196011
469256779
613907932
904092986
639653136
787806686
1030891968
521490493
953753300
802877758
553598165
990327540
197315828
322714598
726463262
927215775
269358953
356122522
940841631
918706475
564447935
200887264
859880544
334107579
475044102
649210840
519843192
485709270
90725472
762232025
348136782
946924953
733681859
611043057
533650767
104551910
51209741
130630596
867516794
39009348
794682533
303704382
222580051
322183107
695986383
42480187
60468563
351878061
291905562
149357836
210366444
503514230
586232506
269306629
177098029
873928557
853887929
677581445
420581981
159643703
980257788
1010691989
274582865
1024330262
475181144
936728022
911869615
151112488
1002275249
140231252
106154254
184211522
224447069
3712928
958137918
764315953
220201399
432571056
632430577
737859339
57956871
13854217
724709956
137257712
270404868
162143886
274445138
680255430
744566955
866618041
739968263
317100473
704038950
703185441
842626509
670388613
501033878
815939299
497807925
260343003
378911957
943120677
476627670
713724011
648375180
440667101
921154295
300293442
162504579
724165131
136670638
368931204
58191028
224622183
1056050405
412096504
1017919295
498104646
356987940
848823933
649143118
426457197
674769048
764397934
383467410
745730569
135163760
623535386
507019957
470930726
29910333
619295996
463946446
585659131
336884582
195824520
576070675
623782292
382237187
929779835
634064510
187948876
532155833
479658325
749729544
363229554
904323032
417407228
275176615
151220676
662161996
154841855
18828566
518444436
628714369
257588493
581188173
55043948
394549363
105457340
806202368
161517529
498609428
880591131
844762923
937621785
781553582
642814472
406755600
867573460
919681529
72500393
42042964
388872740
1037075296
740177018
575194734
143312686
911108074
1036643030
612195398
563767085
82539165
328404536
122130813
458817819
446088604
1066068562
392344129
535443394
54521395
985064849
920768351
152129501
1026770471
1017593749
353333702
174190770
778624166
43890441
999385653
567434491
136466565
606593521
289207059
405815680
446786389
827943986
629667966
723598571
696746228
561077091
308464661
871340463
462288019
758743561
913925907
229197648
241523190
247819240
648923255
358648110
468706608
959600675
485456929
772805645
988941705
89160584
321549232
821938672
649924223
766306965
297343546
149875592
105044869
35368054
954819020
902726168
736866647
232229315
1047378419
236446480
628010512
150348529
838093958
637433997
116506432
299286854
78502481
215557330
807931701
227727199
150443872
388873209
93151924
176584157
449868679
611744466
1054873314
600121216
940814951
922903806
340181963
737460530
64192772
229355763
997750051
776774062
175727309
882933398
927715694
438236816
402649836
603807238
1034422847
447403916
483027842
283026093
265168080
754855092
576128565
763246477
886467615
466337492
9025355
535377019
56754116
282164443
715086840
861306533
700491139
346315206
18334775
598170612
339598109
80208399
539944467
483199279
953780870
825371385
503419816
441461563
180177433
645608550
63378795
60949405
37475774
623229871
456370003
16481584
53992172
775304611
611579460
166416655
624668061
441956707
758077817
69726127
266489224
473966741
1030987685
914222932
1021638047
1009051141
581098972
995786963
759152659
930539574
839756851
1028058532
376007656
124997038
137449267
636927101
307420279
419813026
4097450
396185547
989208187
176906994
66815990
908408138
621070257
285693937
191298762
43351677
313815405
656518491
451803007
259057718
345042078
824444229
83668210
10419728
124070934
1028966090
659401472
102328978
954042711
1052447924
228417026
269101686
124562050
400827170
146732664
274639221
647199137
496854937
211158414
328862731
417871622
1059347163
293988798
377622394
860186401
366202371
329431983
930130925
142727150
832468207
364787732
3311368
776228914
904953494
64248968
891849933
300450484
845735784
171021789
918398052
577848884
568731621
633609932
1064312781
692633578
633420941
464958859
316137780
843997750
314461412
97279594
938843543
475693884
35115414
341010192
320071086
961014551
927951785
169186968
877113502
222878379
294151593
373836476
1050443823
692716725
1033336918
675469688
839986878
94554527
312216203
1009103543
587191574
344766141
837299710
54689115
732818193
270606217
128505144
624108561
937648566
621920944
786715673
503844929
470172604
636221281
100493701
937498377
785270161
615601175
1016427072
519937233
950628408
106398136
1010762170
984333991
666441516
344979124
734793304
329465936
512593554
461606943
840101518
435333437
471725505
133979186
786426960
460082666
726574799
161725202
909129676
799974565
949982454
287872610
227664855
571286410
170456643
370812753
713321386
74380903
603588555
377748544
201602961
962054126
927993393
929606537
870289195
346870654
342305872
689695096
245204781
919230443
28372943
936046565
564031975
631548227
398920225
100936445
628208698
869395727
329970383
641994316
554845574
454932075
1066369070
489714816
393404836
120004693
682774085
479880862
203849992
832366774
919487227
960938560
908310309
61757395
343261519
857038254
1025141739
460569073
278944230
391656577
893178039
391617631
531920961
607593716
944993824
500429504
203563479
650499374
377439032
780187488
175902983
967665865
761214222
47847321
793365127
269321393
538234919
974323993
993306322
629650191
394611943
421588486
1016671231
581681454
284154437
528804856
277876702
821023206
64544452
512019204
19750011
217101028
505085947
693897754
31834304
284937902
759357601
889407579
774147950
872077473
7950042
431150996
38092183
263992877
428068822
435442597
360043215
242619315
947382135
165904998
399089247
2983311
486525236
657318950
510126498
307341146
983018126
735896246
640429007
211981860
639585425
656334996
735164460
5328429
508519631
682156336
330741549
621349737
924113548
648759767
624965995
903912752
802322829
763802169
559889370
585862941
38513510
385646142
966340083
394003215
120416108
836101483
283522240
769906394
946519988
5477267
943313211
658823275
450268310
673377745
259363769
385355873
482153900
68989938
695028407
751274428
33526428
289283164
419272102
1066484481
395029868
277950085
157405742
205475756
107097549
478121779
1058177903
1050599330
765684646
527360062
331933513
319936991
1057197225
423098324
226583749
612658777
297084015
472270375
75891454
355895177
941567380
213087967
385198504
154064058
755381589
802576430
575694246
652927855
731397017
917716330
1050399950
392584437
1012311983
780842023
297389835
243950356
298233450
753773544
885159375
1040576760
912397042
945670044
720022037
229982653
482245680
300434844
700826163
407980843
53979998
479836538
396797790
387385794
660138314
1006705913
939961527
476655392
15681960
212788114
739646474
568316286
842917150
740758627
360793399
798016828
1054421104
1048098481
1057764334
1936828
898765090
908226833
898080242
257011832
564625354
265922784
521431712
693930183
34381363
166196895
588759615
164516663
107915574
520626694
976676826
334302234
598398487
834961766
1030559344
891946566
1018374387
756009381
369345296
947267118
839035796
148149079
279469856
234238172
531231511
543459603
232302440
791392070
286466650
836499746
419376167
237775075
580180358
431245924
248698357
525957174
211764102
82680943
827581847
427100512
111628667
907479187
879783943
870353696
33933733
103264662
986086657
272733714
673339996
901597033
103767658
894300088
790599845
81319777
393213542
695288676
107672872
173644239
177051389
1023830598
686101653
433414387
182950965
48607550
953728141
105986737
219255538
184156540
20931981
814055819
603499303
815158521
871250203
504520196
104158862
119772311
57048165
111400558
930911203
1014801277
478366082
718476063
1031201383
473013169
769810139
376787760
725344824
69897022
385572316
735514607
933497943
655106653
723492361
404698887
887307379
322851639
920312470
780531910
140059256
496672461
851611972
914578097
796567724
198905168
411468743
81123987
800049567
217270818
759098442
797986193
279740779
680861015
466484526
279272461
953086596
854262703
550783217
647792026
176558821
268680804
16254264
259550453
716242395
642069949
162788037
22092164
306238853
561865868
213326700
778818485
747807832
743725932
609799618
47643271
1048524028
69473140
271329097
1003121707
908185681
112920457
176043397
847302311
279103072
864762360
949451134
248118150
645548750
514896982
589875173
503289364
939816048
553164232
709110976
708335052
593490892
212420805
273987717
230054685
416771013
246918589
928013412
968145248
544714221
767850462
399036380
247052568
650679844
951743023
796244302
276296926
157142246
949179961
958470214
655333269
818551742
505578546
79021106
306766077
505192655
621526151
874975190
602209858
32277678
222634348
469140545
547055726
1060845448
749274420
313249878
748171004
477870309
1055690937
383269898
121326716
466662387
76649538
463934853
221180093
61791403
803729082
888848435
425769465
198769508
292649140
557062916
548928264
667821793
173605059
334589984
188308144
1059189001
477534204
171685852
298011252
1000094012
336696848
877872335
1040058996
268374825
309434143
925378794
907598273
979345747
708100468
986967570
633403724
49464682
411532813
1066193223
226923982
316733067
768487396
463262945
30062846
179902919
393814908
552385271
327916572
35669488
177194093
648012295
878396037
162271327
876674324
132506325
207643653
446947323
662704121
470617062
608827688
407587523
287255456
252432804
991384815
980279877
487056442
703258464
648407493
262063266
281157602
438622318
818472220
958677666
665466034
279069927
38817275
1056086582
1036051963
646194702
146086560
295551912
258497706
962234654
524439422
137857785
816219707
448567870
614115860
625978197
102250249
895506583
394354227
870444048
61687892
102825634
1056276386
860263299
936456954
773024859
98506570
49970855
878411940
367889703
218877617
425461474
76265683
464854751
322424531
999839874
441472956
1042863033
21985029
982855100
471048350
1014803910
298024145
263097215
42848123
492109523
836532994
208788484
59762023
15314970
779511020
232187896
895271392
558341364
166471896
514220008
261235238
294008458
979227527
524065064
766930473
321473580
502738112
463169343
84914752
534263298
836704213
760159700
708797534
712874455
310924547
402413532
153379986
137042600
750842111
470645179
582899461
144315826
694825338
1009442649
502366657
559851258
348057322
796838007
530295555
676128545
858195347
628738952
423396940
464093522
516227509
943324666
918322809
105246966
617202279
391949265
383877211
368058600
165195232
256296779
952356124
429037926
341289253
175212315
69880774
985938589
377241711
951432125
831459354
741072915
535287734
608421178
269306725
621756261
236879164
377169131
971660672
559358669
831180301
566842069
393936770
1044924512
887083641
559002362
930765216
519049321
1025921498
798468099
263755791
451191123
297813689
940790530
973239421
116803732
139584878
479115781
719109364
561502468
491552431
376823537
208846589
37605847
951449146
1051398580
833368925
1019284788
229101029
834950923
400455812
781740785
439442686
227757963
187091935
801566242
911942992
1062353998
47811643
967092107
212260630
1016614854
60218534
702332095
223446204
696388123
1058123376
728676052
949524507
784687764
741544219
26079359
817282424
261476925
658570704
957382643
934996629
207647125
858396715
237924898
324221745
26142270
84510694
356671813
436704261
588289279
527484105
1043542929
529492288
432752676
1013130359
579370133
190486453
121848237
438237952
1034560809
366351049
735417449
187824504
1056785241
394364170
537176882
401402159
610154078
29522636
809918619
395777621
702818921
559094017
138047462
497365844
702361722
602948729
807827057
244350109
34592058
506481186
198118069
621755953
234845215
61578822
97158312
283625363
385938427
104015048
162180147
219043141
685991851
242528273
394730456
271071638
950678180
573836597
294384242
366509638
1016060808
709871087
500211224
968346792
612962456
391112554
155534074
888697707
318450919
276697026
343285562
658510964
618378816
665103998
108403114
423903176
421454557
635236454
822762854
452104196
38314159
592050361
1047389221
231463305
19762665
598993443
739920879
226201443
398326777
414072136
729856654
552266537
78045937
711230699
681491557
127730323
186999050
705050739
748685809
682610391
682397465
781811344
228952078
500010371
450230642
355249631
875972522
194939311
617179554
106590843
302582733
964051531
433350873
1060905050
983298743
1031461395
330710702
289293695
672669789
843125619
920647549
651769072
957068276
839766211
576466383
767046265
655984229
496688561
278019864
607800635
178033261
236951206
179940795
963080252
870441886
553875814
3598788
440276012
714731583
1016390520
28794021
171475893
517617649
424279378
498347076
868683283
426194658
241884606
39746259
683115811
65463755
439356380
955199822
205201851
272129396
1032637084
237495749
476994426
665796778
104335219
73726480
288580701
536311996
108411802
65003630
998105281
229521595
191880968
190193552
980105374
38880402
255362465
1033427478
954361077
705779809
200286936
1002700742
504469916
132893014
690276639
259317616
208924665
900092675
277882931
914191938
810024144
631267312
1038000867
140000276
828723880
791542574
780827200
820442933
412650198
518575573
186917534
291622869
922392510
807306084
318020664
470731136
286770355
160595382
219473037
1055024163
288497117
872394332
605288506
576007730
308709724
134260460
652713305
431565198
546311323
304267266
443023144
706558818
803810456
822624905
682407316
378557842
155256663
662869273
76530199
171910625
849206809
832549848
733944853
925519309
631799412
416869826
21811284
1018398358
223988417
707477770
975124437
715043612
76313162
906744039
520810432
1017531466
77322200
764099502
285930309
600547792
177862193
1008243156
743653097
250229793
232328907
67717639
87816041
222435816
462410022
568832819
504038136
653343580
725863753
856901231
380449245
688137441
986630033
239469405
1008428327
388104945
556171165
26494592
669742539
126685562
562045373
146442137
198084153
231274726
616444716
1005420638
774337979
402914779
775051877
808881757
229798133
914940593
248732808
812434268
631581660
421973188
220019636
546985309
682554047
46677460
814060553
627823484
719114630
200818594
649228144
536983835
247039297
171051557
615450594
788666387
724204821
738728787
290881016
758497821
206925234
736133264
658484928
44047090
129405573
919396356
399009300
179229614
765847290
269344387
377876531
661742319
730934794
484369626
513084221
513884057
980897241
900761671
158379185
531966178
722340798
594794529
131594451
589536064
307110359
177033476
589864466
859262797
372304214
901531014
330363444
722681999
152627886
679053024
581564428
822605453
331939413
580911138
858504650
773782630
804605836
594175455
879098441
929421421
1035408872
822293079
1009568011
823758335
820059442
318843544
118617587
118732286
643754617
534168641
367717177
113306418
848129487
593644043
769357645
933895634
634549902
826331507
1009050296
495733208
938225837
80543817
111622545
152449583
80900981
152985673
311726459
869260302
854456490
571275254
138412701
456765450
286372750
757564034
503082072
958491397
743185998
381340917
221401621
95499486
478357482
772690049
849986007
975952501
868939593
765910368
221056589
689283159
345131769
906805296
852487420
90939699
723443694
870764432
692711325
595279775
984087195
410367336
380424200
1053494775
96122516
603399122
46053065
1044243483
28669331
825825021
71797350
321761797
29821858
114816550
885591136
877301506
257215137
1043430817
857568261
948688372
18993792
645187195
524322485
465291215
485066491
643529694
890844710
929657225
594485711
541314985
785065052
1040682647
865824233
770662399
773722156
93047269
231292762
818804151
850753560
157875104
495174812
136886910
631569492
688512959
32199467
604605347
1856283
620100209
637252772
407920474
630091429
54563408
148977755
62761839
468608253
278870303
316266408
444604129
292645581
543967058
48549018
511695552
990609338
1066117144
511968066
882301555
137410940
560741843
633841028
897565945
624532546
15359017
282936240
1035096360
326508764
632300685
268608814
810483612
501797215
414044848
410896470
801202024
428538030
189907974
766254126
1027249257
439850538
1061751016
540813142
964251334
895967951
874088836
236829407
246316871
152792239
234593565
293791080
757850668
266006827
441613082
656958192
382588649
24626306
813330085
577270603
527595000
1043917361
421249222
191590573
725043553
88900576
838523595
251996041
601287263
527225295
520808790
695645
177891956
236955828
397785978
363755009
756182208
889708035
274517625
496372573
64547670
637338198
590467397
931361669
680188933
3640938
683933857
1006562715
986437261
201397577
202411155
75871796
1010059401
218242475
470199104
866723174
584348052
1027664505
628896854
460146701
570131763
1033974308
714956037
535204414
30446834
884056064
356000371
89093129
663543888
608135131
999378849
36851159
546693292
1005494298
414347497
185918599
129808354
79093442
937086872
749292375
407537282
763740367
463970184
666101814
162228805
1046832648
305928949
749340493
870991052
94009193
714133768
423045991
272980899
1039520156
1011505825
57005797
816792561
727912277
925315888
1040276464
372402072
971914895
937326488
513927496
161164946
40004776
471968793
880290546
1013992101
199437709
497444694
341955205
202115916
967254566
789037718
765461629
986815272
911176440
551499968
111703167
164514599
163664267
861771031
541796893
956416012
819999922
286559226
837313326
796766162
1016746816
1035728210
704055927
7034038
737204845
571556726
387589945
249544106
57755986
772096535
323202459
781023946
211783696
912800246
194883999
487801907
502484588
384677401
872098901
607354812
560651424
740933065
62718174
419613195
124077327
457181423
4962040
742724234
204257919
143990605
7577083
684410003
1021919032
516128225
856585986
314110148
316890613
580874092
38018869
980100093
62978075
564499704
747423228
35504889
16433537
898797511
161430100
743390567
660357117
82336188
656559093
1004380724
5422046
790253926
929416414
13696196
225805379
30699739
677476186
526804967
1019754968
211997369
266757951
364933208
714232015
603535852
1025297811
34271854
709191938
514508958
67205750
568368848
877817866
808711165
712842529
412298414
110343517
697584890
833524563
541556395
846000316
308331838
448644257
331105725
376000018
539395656
5327582
235817919
615608043
62726877
397299850
233915099
177310516
254743634
1036714152
783537111
694823481
154227189
171032665
365811090
302126216
783459971
962454188
760053924
468181367
852453164
974782991
645658214
30576745
996131277
223068421
1042672561
665138192
896179297
223086479
100427197
609329951
36914188
182408404
562498630
541393431
1046399763
961308918
627468180
745537475
920573165
507451145
57576820
539422014
824611484
81583413
1010258198
473017701
36571525
441473411
924454843
463915408
526388008
829816488
69897474
1054593613
629747531
24488697
837742095
308465858
806397396
1033157128
757816886
674266617
356919363
801825843
735705935
337624849
314556296
460228548
1003090166
744993632
1016663385
744942842
285800793
92152994
483109512
163254233
783473238
1067410579
9938610
228514213
525846144
387414088
118506941
1004581791
268249861
941160211
316750025
429511305
806679899
626575347
375529790
334170200
357828546
509699922
1860495
897678776
332425112
59226335
43845725
801223549
497835597
221069297
787079125
822620210
37400485
115634785
298135820
671019555
234299960
384232470
400310561
845879517
20541922
926639517
605820341
775265395
602371218
237558604
909416606
509350990
694771446
334411957
868548518
802405883
1000063836
886713638
970539582
239557165
783177721
493064984
676567532
152918911
391189148
29993195
1034674608
996436091
855339959
1018203192
315802723
896589198
664744638
579817019
12617615
655028707
285074654
593997548
1046728196
143434914
427823302
35161433
787133792
368425531
482662314
1032850635
985161534
98826448
296069440
165546239
537984849
689691320
206393336
1046393691
615944378
53264393
447649292
216321658
277292901
854440061
244239368
569451305
238302702
876531352
1047709412
947935709
179171895
617105524
1067733442
993819836
642011056
96485922
887181235
475009514
351422216
18621399
492849036
846217368
978518034
310227682
271968059
844852742
188282616
1057118071
87709379
329800587
894407386
423795634
370374701
318180565
773914348
293798036
567898322
538804792
890557655
196118140
822215486
514509447
996641858
94647657
920283747
670638570
885519579
560860645
842533441
527568412
49667619
610392932
4199972
344735883
117143086
847315924
740176197
600993528
193597564
647536237
558354160
1028015711
318710388
557488309
93836800
245202203
909143905
196682179
248960831
212590351
110116145
306142159
540796005
563161214
282416255
699018644
928574704
581417584
185905454
768010701
308992534
704478063
47306230
102834817
51953974
990154333
409858875
356335770
17946519
781632810
430599630
636063941
351908287
151553836
281369764
361914706
75100510
474881190
378177890
338053205
673418863
1065112665
313542469
768977379
552650383
302547682
35327305
522683442
1030021770
554190842
44222298
370631925
795751791
586488014
277645821
826149681
564549232
796977622
359559405
343161110
100302906
173597981
849817001
435726401
14086982
898534012
624130383
1047065777
385026453
735010740
641418242
1031279634
632460903
348404332
639327149
1004362159
469074588
170465446
99396127
204084099
633469676
1026148501
816297512
501002151
325438630
565744322
550897534
649950786
487290766
530076953
127526273
442157951
505202486
481779987
711408105
597276824
265081610
10383532
925724196
781095892
638330537
472835810
982686014
984851602
868898028
827913454
955321691
284983501
328534845
118890363
1045898693
892367290
216776598
187299905
183772725
563270612
26610188
808698237
308327054
14655012
202470441
626951787
308298532
568656493
248490934
26895428
347343134
1006427203
840843493
273953455
551890133
312024032
638513412
879167972
587260351
961991078
581020184
753007414
370154240
863893703
17555793
386815572
106783996
769850158
811040494
523033494
538767617
808104136
356980036
921509874
390161631
144268766
1036214432
22784712
1008302579
237611209
698306568
236310914
766513193
1048684307
520848027
908497932
735331965
983135543
494887158
991635485
838726273
764819301
1046539408
395311761
429308250
239332938
89892336
977238921
372619062
108420339
520307736
362008192
907531119
667698534
244215447
442703924
124849403
199720464
189657363
23617742
480391120
805242487
861200603
993074702
862315465
244942039
703548641
1062607340
173666861
430509170
108069271
935473706
884781107
832096986
1011107383
249519068
10355729
447260807
318485990
941913914
343824663
857186180
440982342
612821496
653565936
321015451
1046916542
159216510
577041265
823895142
464270914
189094549
1017765784
410566254
216256781
629374095
472327284
212346319
191437123
1009084530
756494715
917152480
95100329
1009574110
492857946
981373279
415877477
271196540
922138178
903863189
679689572
816688935
1007959318
41765032
509966666
56647686
751831002
52728758
98415624
1010410817
346529187
442759838
15376721
372097168
456992969
557373342
108199253
218941210
536676881
30784291
195152917
105983455
509786662
394283219
692917281
442900015
132804918
427656842
781380339
688610682
278607766
70717914
797373030
181699812
337266511
355632819
367651688
835991610
921243835
128424752
787009385
819976076
774309441
526662085
749175034
288278531
754046235
261148446
373018131
950322680
404704491
133396447
930925166
69796214
718918066
762114555
966910293
891775254
303348861
223287309
601046763
229473651
153539
573374846
266551497
881731912
396143118
254587412
234016179
747685287
381964989
721031950
845876282
439734188
813747916
176309918
314366071
733836291
423679374
5021989
358099856
879092797
73480211
247592005
268792054
147323787
143879416
248086929
539972929
719719812
638145367
922051936
147021521
985388832
1037872966
256272819
377857984
674551575
192030817
232735445
691834891
947568983
900271530
227519581
617928558
182420163
449360217
493988062
549048179
422495186
1065449030
977252387
954134326
786744846
26990209
678391447
73618021
887074816
906590378
272710257
202762782
736299660
328116140
923414265
537035870
66854529
541969113
178855801
90728767
620951154
730643393
811377775
443501467
566313414
1034348723
82790822
751868096
27110246
107790169
445245770
1057461256
643823395
176628143
650147939
606327632
188031963
654160415
420554144
770202834
364866047
815342393
642412451
849680351
539319121
315111882
889179149
646295764
98871208
341888764
432862807
1036211058
243329500
805019576
565126967
980204071
701055612
892925134
598197509
361116365
745365286
328106934
841806684
838009120
1041551927
320596472
760383975
555978626
444392526
376513618
59735013
93649742
140795902
137061036
1025221831
1044978092
116975079
927689267
634896571
781043785
485021631
846813651
174169792
660904745
868069179
866563104
477778369
795437917
726932191
190718222
1024510181
723235093
79470441
877016039
824608322
927937327
691181488
14887799
300123107
144249886
842157207
658600952
740859527
97433985
116393153
297044887
158376573
542468751
737868195
477209231
276993560
18953905
822339530
251353428
676474034
333339432
144448802
490653840
225493105
459225056
301248324
258886030
737594234
739001579
579868189
10574421
878513467
70512492
752080683
227255451
739974742
321727707
436047699
782965931
155956427
954685486
124971806
81830007
508769583
598302167
587411682
924127269
541639994
846504181
413075591
63484109
832731353
1027161715
784484705
867958771
539855423
103313077
421226662
403380135
850973648
1000743570
109643426
760910040
918331265
452479041
151341631
604088130
377845621
839204369
730611979
791250925
315279386
704884880
93953003
613647442
78873650
40670076
328057659
984714714
48181116
59465481
658736244
579733786
104723146
58069697
321840322
211892652
924652622
455266503
860459471
1052484500
830724796
87666796
128379542
259504712
667413751
774498308
195521321
568466478
960571855
391137171
300753410
924384895
210134044
328631596
136867699
417981734
371169765
406786783
619066496
544102526
346485566
241422000
58301419
27407715
819908073
2624568
1055675013
347490886
150541465
211212387
43532045
949886729
214229788
123831440
939056298
385557586
353788606
985884346
1014621233
274582882
479819002
17355359
651977804
129232544
709904231
164054926
323001056
30325728
687900173
1057115610
352441709
489642388
761531114
530928700
552293412
175735583
209095340
712456258
619275836
39424309
811855536
15091716
408324572
280668238
634306700
656432048
99499927
195763399
162037243
24634597
663414176
972618791
423883802
966488172
119655854
470905937
868734013
879145855
625059444
407495141
294660879
746798008
985248126
518023337
494690996
743854270
825962171
859555043
130661829
1028674894
956542929
419714137
589472594
1032721664
241008934
181993252
818110546
505948353
540362344
117231762
947256782
687525086
713540019
321390142
624710335
547675829
538679894
225336144
952499291
684155225
1011462684
1010525710
879770521
136495652
621760309
110977721
403827186
101819385
672715204
272330191
391744378
234580731
146597889
782604115
292009123
191492939
267617668
488500236
1003367645
929643844
495714374
779161780
923064898
16414264
219962410
633918138
1025196245
952331715
534955820
171834024
319071870
120901158
424605867
292044555
480979353
287690299
296832988
295792940
865002808
650201766
535107059
63983879
934715407
938361792
52147116
427074044
741635124
567419508
630711549
56320003
235647103
417261034
690388812
302821012
501314267
55441147
231985991
134320222
915545742
800316666
402753100
605822697
291296476
504919854
557960621
1048239634
709861981
169500362
650244983
289752716
342518265
881621298
5634155
22877328
482101483
794744544
744428772
547283425
28713407
908754669
470803031
209984158
25674892
793092297
694684844
46968737
624991127
140201884
481121997
702394010
219512362
589707481
172939065
647365111
170637254
262666761
828756769
75587904
592267785
235325839
696226383
517314827
471198882
926567505
407787670
918653320
542975905
139323233
447594193
806421111
27669818
1014025393
904940655
517149316
359918758
284504796
1014350087
308670017
76713571
120155869
16008623
278211934
65392664
1034855043
429227810
179904646
824961247
299553408
499742565
284362100
2645364
152324301
842346769
252264169
1012107981
189896631
313233590
807118544
1008287482
738041247
704197940
81083650
495516553
59056004
400262928
937189959
198577571
471696745
832104444
831407989
641229132
1038204305
255445373
415365849
625122154
79261999
20862188
120742699
568031629
354163827
1059767545
579379580
408974179
369611906
203313292
91047833
667426890
642721526
1007094137
964424388
241859199
687166093
302797885
1025033021
304592920
19601190
306229597
70593223
289620775
265602634
440046015
184541172
146556069
464808829
414627137
853146324
237809310
934609839
948882855
57957784
58041759
19401351
745299091
95640431
947751308
5588215
565923220
254523430
12694792
647812811
379727213
179890564
239378085
58481692
312488781
484945642
1014508123
75727386
784892001
907361912
532011022
88802666
171138702
479800064
801156096
1027166201
16252923
725939581
566730671
289641412
495545191
754638826
875498121
159886047
915541230
201614533
427939119
574504614
359207124
393015972
1048742785
178543656
849655231
290178859
690235716
623889106
622770147
112373754
558513636
1054346106
18615195
604512836
747293968
576437
403604823
919425278
985461513
862209112
448008733
921413193
518342021
18303161
7816915
381092737
677727323
322425452
724937799
840546428
8527732
673052251
711593837
436225045
420839803
23692704
274694160
28291570
27504660
846104412
246462808
238879131
530792383
862752613
370473675
215549348
1053549533
686679608
923360345
444602133
307216052
122241664
611535031
140127864
242077518
370133539
1049801264
483807047
13671155
965834609
226599965
220217563
511562239
613242459
869945753
292055727
943277470
273634938
644328491
195839718
988638739
537526149
102693637
7687847
167047340
859233232
458049032
