932977592 27689932
798423480 587682174
674412972 249988197
797659897 515554131
636475323 270367590
985445095 194592862
70813871 997161939
62685448 765553882
76944805 731778145
542819119 244136807
973101245 240761089
587938390 637175912
32946644 365463192
891959799 90418992
140411142 575527132
253099811 142098305
466184917 1061171779
623287109 25717346
426520512 125868662
305115919 714077540
1303658 217116863
299480651 533141387
47844987 813445120
1058599662 178728926
236276510 660378897
548079979 51576965
848801509 759461240
925916324 217307685
211598762 1020755817
273100069 800028888
462595229 214958004
4474224 945709721
283533506 698261819
569059048 76596161
150286844 36473449
696120297 199672465
649097271 712556218
959890309 664087991
350890392 967829782
830774661 964029201
963506749 430948237
697902988 1000646344
522557644 148943519
451277768 250569536
292965293 23597345
924508302 929698712
609136498 415248101
107299638 22508919
613830363 538965401
813433769 123262536
881759673 167584564
983245896 972275487
331496003 854235328
156191875 800782586
555477713 250941546
283726929 432348790
904487990 343556125
461539005 1055827373
413765280 425950663
8440184 530427087
175315534 422776720
483213352 905406998
135542815 530074671
427449109 217078887
576032530 490656545
116210678 686177509
517145859 166959678
944018215 219019711
13099425 971819970
646687455 495199935
247647887 175573747
279172947 500057286
334315815 765886242
759897510 737942667
1004028847 484809373
902935181 375432109
312727799 183142106
241793720 174495624
207971881 890564548
553815625 316182627
319152559 696680452
811152225 951725946
194853164 278842684
741328744 706894910
883810308 521970368
759722693 482858429
718506529 1009124092
107409313 426532440
991197896 75552351
336509378 726944017
98454616 372275142
141383514 966691239
405232211 927896608
114704568 67753932
34143995 720878954
260115254 54870523
817216653 133473889
672211656 955618375
773927909 517991697
112518041 799025578
673249049 632511851
474136696 720598520
970259007 233433359
230714496 126960172
718099699 403221794
859093302 274511927
201265305 830129902
336064225 551353626
564678323 634071253
842209640 407661694
700377671 546433400
1052513486 370786499
583546253 886328570
336671890 296742183
89948038 829454026
356568963 457164346
225122249 623954397
956286835 331069753
926436114 789365216
941125845 282162830
228923466 815309812
134521439 469262052
879858084 141479943
853930617 224299465
149203110 607800308
337875267 705019882
709995663 90256797
914780494 666863767
678466239 746944878
341451257 792368370
672724355 321203566
455965358 324341349
996610973 882269336
170628433 20990460
777482282 474874914
29982688 104694928
336478137 658766361
939578048 487132557
295753542 936413555
183826956 95307127
946423794 56005881
895363187 800372728
474773790 869791194
212543149 574005757
1020244094 540671355
472078117 847103916
1022190483 196279285
275567799 591588917
955751441 1019625014
91523163 410676551
202790700 1043066233
250971622 1064821231
598858758 122517946
637720939 615876213
383968018 104991517
469177276 753245516
286772285 458545416
726535767 890330950
406479053 676685778
428314661 1002669658
258720325 463434150
390303255 9145888
160730125 957984086
943175800 562768640
961465560 605395271
336066314 321984098
704008200 119112908
347728936 1024700065
811825233 570487568
322160593 945033367
1048222765 28337245
50619758 79806613
657312763 202673309
57763811 645701903
380793207 744963439
1064445429 209054193
418191232 248613404
508859310 410119221
894807032 74511856
583875972 955897457
760744857 59704023
791582661 834764905
1013811620 26396419
94788603 217452020
217245768 701318881
275477377 425458681
1065959574 738245446
114729823 838205811
982924051 416856418
392047667 234602294
604809510 597081874
446926509 1019705052
286046367 564135174
823475473 268409181
79355188 140841870
631037831 443528232
145812527 188995939
914963750 320241553
561422809 812212884
450319288 681427982
391804355 468290809
838750913 945123665
755853084 66681489
934540200 507929494
914914176 394445610
751659079 291418765
235224992 379036370
232267761 287173187
146161253 507770659
616263702 214126178
990830790 999496345
177262483 1050091195
604343783 328324308
303500484 904511608
780427420 824861402
295337806 708594693
471176154 548466914
1016123003 947906325
419706204 796119073
88844853 646673471
294886948 665164506
613458777 425172799
80600207 794651280
846958915 264504328
499858941 242596816
131524645 9646346
132679817 889181168
1003376473 275229242
350531891 684971606
265140970 427421079
125230732 456635457
677201717 960060494
427491493 131303683
831152371 858589263
117500814 30038016
482362127 328115190
989331623 35351942
600475469 1002886554
42883799 1016566124
877698455 806809466
636209861 13093893
524780135 222817730
714141300 632949743
930069178 228330462
355282624 150120039
603794769 142437250
418645043 795693936
185196216 54685251
343715054 386005602
74795061 328226198
1047711778 717296038
745575895 667517826
157155975 525271184
588742366 777322458
138518041 240771865
585205615 809570528
469032367 582669203
383776734 790913953
263664326 19837341
405823819 416644506
117882482 61308266
363286201 703219342
233371230 702055747
561528106 287594082
356286294 927441897
418252087 707969505
927455467 917281218
106069736 855248979
528029578 964603087
890469945 1016323503
868576987 145548292
994182236 161062775
1032229054 455860975
602689515 968024509
399356305 404897460
92875524 44741573
874822153 1002448784
788482360 720254788
122476910 1047130719
175112652 371124038
990806338 747195179
834078209 734654557
585921073 143406761
747611039 772349967
27612972 830059289
934523325 709318890
813375674 468104649
878008409 1040667083
437771387 334333697
95264884 906351314
408889039 343915002
994273369 684690568
990712108 235222055
41616109 415440472
172503477 500627475
977283921 992285028
595092207 653842213
561652141 686847554
805933518 858657720
395099831 150163549
429953178 25700146
104040783 902870473
940282739 32636935
785351117 224692133
928109079 745195065
678354310 899224231
843459730 627738781
748925376 1010565297
496044933 406198767
540259805 345166548
475007830 968370627
836811716 907858205
450094293 97090766
693535013 654380368
262147067 986231892
629879897 253954003
518731096 660577270
197754518 504833122
313769116 629533385
318466247 71444616
116933991 605623999
543290257 1060176443
364027972 290121280
137157364 336181796
131012157 744315199
737665079 65988821
627720569 793078469
961099735 468419523
84561358 818802346
198194122 79132774
314680494 427883354
881020776 855822125
553564596 425492624
24680913 487976010
461308974 175994709
627318824 91865865
86739685 635327679
466789191 608607379
238733439 762836311
187803847 286111980
943849987 12146063
596590447 235646508
573378285 196128410
1061209888 313235256
574870240 301096942
799159731 771725179
910593788 158794999
629936673 976257578
1053303990 362423211
1067887559 3386942
1022382746 27983896
37253796 456631681
139338485 1031974458
601650271 800334981
371868251 940619325
809532156 590062929
1019283815 201647958
1009782890 575614389
461147609 612652471
55072548 872533975
491785734 24428682
1060456529 648820894
37247258 294040321
910554671 739842555
384598362 296996734
296697376 774235180
129027197 959163185
768580019 969198
517607438 160355285
557738989 303554465
389791562 959746942
953411229 109400126
609920069 224795301
469209280 172019766
126850841 162337606
989976967 583966367
472467745 468530245
478726357 527670019
625576740 597180252
652761180 736711156
884653944 437304207
666016377 476664350
447743102 855161019
1056121913 3730797
684387985 270459571
642237657 544502834
387545645 166673753
397362080 980803074
68033410 254467743
169902309 556402162
131781355 524322801
174309235 322571968
657493720 31624605
488886998 876267141
770541569 87977974
100310352 163560984
535265235 462194378
523724623 485241226
1067661588 113523221
1046552491 586978346
324139944 1029004617
420716174 972900959
1055398865 245803882
501441455 491508139
832857096 341858798
604363437 633145540
602085808 763875433
39098032 731935378
847430568 123463035
339561679 677153623
417063448 732035830
962188953 792823868
303807780 950191991
802076037 192280258
213998662 181424588
236730728 727054651
18357562 172717589
132354568 761932976
167570991 343109822
87859189 254105332
297555603 682509160
624687243 989198654
890341563 250338828
1023722092 176192197
126487979 332651252
190509679 966249348
435796702 436163014
609576248 32249395
601469154 564439271
631093993 423450714
792939210 370871806
95207894 798860060
905452677 247745883
62200209 770757593
108058236 518505475
98031911 722924093
420504364 920567870
83880865 193125036
123159217 334098838
886570171 970333189
894008111 506684899
385048720 473114
885998073 524592980
850985720 882052385
808617762 101938225
20636012 593329046
234679531 600763532
509825423 180665150
264816359 754484024
747099066 813475724
766633970 512993060
21426151 275854588
151474897 716215802
762554067 1032564601
313584068 266176245
1027710810 323982941
337773521 875616383
138417559 636114217
930224990 1053856584
682284809 898721497
376091619 480336078
812742286 873807978
144681482 921294477
390888079 264646928
576656189 873400983
897719622 1043294518
621566804 849480461
860974629 431865837
519077380 229250105
165945759 788949458
186975639 174265029
934275417 60313048
349439500 384013777
1067947321 920747571
729973258 1028266237
107986584 566487701
107503964 988720527
212927108 254054447
189409836 56044612
668665738 1040177245
717342592 431488887
247610240 466106353
794765714 945027708
903249183 802368619
748242377 438502385
58423525 778909495
76585832 119079450
454289332 1002492945
917033266 663839087
45501607 1046539653
1066185370 812207692
649415726 158231856
677153283 479603827
559366566 234622400
832088028 329994923
442737096 518491470
911621888 356927994
784194580 829746501
328406747 42473568
309690476 252707749
922448969 116235855
364918391 55025505
485256062 955253854
144027661 160078855
150839347 760110981
17996193 652002830
201431216 176085193
1046616460 348633818
696817523 275474450
1052201332 72658049
271498866 111652452
338857887 234536915
28778472 79897687
320366051 401180881
269528601 981286669
1063479946 497185640
392290566 403865179
417048851 51580332
302410630 977498422
318750246 1065250341
609506152 600389646
679025790 928567556
443702473 615544220
254319843 926215617
748144345 111257945
883126779 176110632
784598554 408218615
956705405 176185817
1018464924 243910082
737408582 159386723
739203632 1034931160
134044460 972650229
394402953 221671024
538161217 181868954
136540134 99686640
400625589 748363096
399554860 957542614
189254622 260911434
575607270 734080457
1064643652 81085243
136652646 1053015736
155818837 481808425
6367987 112984307
1060391861 684417297
600116386 527770737
806443996 484857518
144206758 119806860
226469526 931970656
159127352 286280577
57345801 935028187
170845305 221144772
757599264 926380838
56571170 986081631
152107638 625397656
955583465 985213932
1026539476 212437087
486426631 522670670
726091790 450704199
140692488 802599958
1026336738 618531041
894151118 231962403
434768605 89500777
411796658 195565507
364565416 571667293
305200749 211797063
82154245 811333816
247964620 670892104
73608228 120453163
411203447 1018155098
231100015 954194163
949779715 368009152
64967045 329185974
779181219 199506132
530843332 956530806
451238941 465115491
3685407 766320289
808732087 1018292345
314167616 125048188
633882326 135164333
50467 207651250
464818843 457369275
1027534999 1045877663
339820987 428122328
608624483 246116286
211814108 512959230
102252528 986826295
568462328 665632852
188627491 897306939
71954582 535375328
418208708 5677397
761844348 1048282232
209087751 787379722
597980742 144365621
366431252 759543827
184450326 143822767
271552446 219978827
219995623 661340429
260729701 888368983
765563460 386432834
154277136 857949403
456931856 517084173
979854164 891017927
22126114 132313730
367950409 755051688
417118847 970074848
386345599 192455150
5844208 1025492006
798932024 1050675798
913397548 903139457
292613685 921273881
927149055 217341889
409616416 691993360
162824281 913745524
596351796 515228319
458990008 971968713
113404176 178765884
694518857 797967967
807695976 84201171
822245705 617616614
554366209 227039835
518212556 25311405
882521074 850815107
737265717 652024049
906382409 955231401
575184768 171760264
175792101 109155973
32705995 165756468
772933726 700550142
907657994 353529495
103347303 677083770
318770647 1021754233
774655305 1052248012
651627115 790013389
783981874 655308613
760001616 240983658
76853053 474222104
1035578219 954089537
538984197 611586530
578384420 141296450
355132089 672817364
784315174 403366857
19582124 116065142
8607799 723357883
908903138 5318667
167686262 640473732
893757079 225913392
574503982 353093468
592668865 669515349
57686303 27912441
995362341 476134621
1005306453 629929995
98946252 214654693
895320678 451738289
645599616 326594196
759406080 647936421
760086674 964930935
268949010 27888648
72425506 31469441
311172226 720997469
493953263 848179588
585022857 317449162
866785480 969454958
1019268765 110608565
703147310 232780039
903960365 118596206
1064008829 83835938
424591701 70361793
275102124 613153080
1050032727 773276650
83725865 826546454
729241285 603223868
856345758 746522408
391876624 157506729
994706965 676129009
135975398 725522139
424048008 699558495
577561768 757488284
707116824 351200627
372299564 842650795
653621882 12492726
88874515 1060611026
447172417 931621386
449306624 686244107
191880631 464779340
153886305 373447761
40006989 1011869159
189711278 142287052
70905300 504412259
539844018 701209890
593984405 848717363
889329264 855006410
383291088 63199779
839799250 764799801
45809216 817104859
71335886 134054424
1041255862 158898546
1037448855 114032395
751450543 859530503
115821915 539750480
386007558 564841165
745372062 179149062
375177341 13608371
167008940 901978029
522165456 951895305
526741672 826957204
436644232 274308395
10232455 21021553
213093057 267130764
799498805 919879403
895518119 1016648310
878756851 722835063
7054635 401446608
112397878 319548322
21600888 380059462
243558964 387535198
818464364 1020608351
98125232 768213483
169226721 377971096
474096974 978768447
26661804 574559051
708207970 949022412
970028338 171540277
820536294 872933713
324331182 823352271
894148388 75154373
298381984 353003354
657220003 852413614
1061167399 196173624
24267977 691702749
497820121 554123840
569810142 1021946635
871710748 159970800
722268061 373798976
633571541 206232721
934120539 475305122
424229706 625742132
894410647 1048661150
279357562 798258861
599426583 620306075
673415690 1065575143
1035883834 746689924
220406130 652745529
55496153 263243295
1060511076 404948230
1035192323 895841260
473554683 66006600
437816222 237419511
1015407332 109688895
21884090 237840629
690034178 203308671
95148309 822520375
998471538 856416000
1041598879 884146632
524345998 809601936
935364189 665034398
579774065 959545212
1007956255 676775619
349197496 665790181
159539599 500814548
761925575 339166662
42870676 322654561
30399541 215744456
20386304 567164941
769689603 784542795
797224878 262537218
24555171 984482958
502238195 60624974
236303075 26104023
373040104 515114765
418722980 660214973
656246544 409410440
670391856 1023619666
977644619 875455166
500878643 852565544
570182618 546097466
986822319 856333273
642488387 669893955
761493974 828958081
121375653 996872070
543121046 671273284
1048770282 13472703
958424345 876325519
189128294 714148765
1005739730 241005730
352316523 687020948
230440311 290512009
797825116 251207383
28974595 528519274
545099505 653187977
204941136 753110955
374857406 992204337
828480494 143041821
841287526 253976319
930110642 1062179143
464507560 628954655
465180678 119645524
659027884 285494475
561745409 180014228
999088204 452076759
888266802 664256708
753505508 952552836
440326517 158854522
550949311 529418366
157801564 1019032714
477154083 220515834
133775866 439103482
1007191656 706339699
194417828 847184839
617015003 569830831
789009461 201329710
294786009 401874390
646770902 1024640865
56400481 192802629
754717983 133571907
786335141 508534477
344040104 106335625
579711693 57243155
376499292 663562947
798708871 173837988
681511627 606977974
207864804 32242938
850764008 362577406
473357655 553039738
573415817 545151093
34220199 245226930
515483680 119379957
234952981 355345487
683645416 971924692
620101191 536689721
270857435 677968763
904626999 263417357
296888452 701877643
145157794 60967839
69739636 98730120
824163306 393243519
1051809134 1046818736
458337392 350254211
657294188 789349092
641843586 413612592
403976176 104015437
61195922 603295361
79703201 213284607
582519201 916251174
401865830 452966535
958429361 755460890
455034551 417967477
817737462 945382010
633551066 1065850177
401851481 669073205
554699843 378267295
816734258 547961498
687380691 851088358
117614413 29567347
917845310 532721816
384375515 933052552
136275768 165510195
535287 663917647
454554562 13837863
208412955 708342020
559577214 217215910
763397492 1020756984
765699358 438258272
334041505 941408796
102224091 444233121
897346501 472554663
905128392 688377843
740453870 940903222
542681461 528811667
850956645 653399207
441972400 383017621
526373037 764771765
395492895 169059931
806913213 129679712
47766276 860623205
3217667 881469562
188903988 335562206
1054061930 276212779
900307863 775803840
315198 44641320
290784289 491390025
274070176 805259804
582170334 728226861
757965738 884425773
597047262 1010110165
197863415 116011993
268144089 1019770837
976856670 680757997
637443198 215490458
711834859 496201067
151410476 643915116
551866585 1020634564
687128677 1046485777
1039245073 271034819
875811480 234053320
953458311 597139171
520396027 611200847
90578317 982823325
817648930 403767462
638425773 210619839
1009863286 519033154
929835867 797558387
899871600 987318178
463961197 996961969
43991422 847837077
803591008 45771033
426971386 8076556
246244216 296686855
312437124 115347672
1015491737 889349258
556083842 20653753
660055245 640318260
925700843 1012114063
749393781 123843717
787352003 505973432
936656482 839947617
455886377 69309443
147308443 91423538
153402130 670027406
370279614 30899544
438542806 452572155
607050461 779251455
141548432 900708203
1043599451 499884953
727229693 387946430
177756887 8928901
838176045 212172824
209010943 740036805
1051288370 744152753
387214673 706004895
796247890 373284701
373087408 833370894
1042882195 218975383
466887347 730700871
853736640 870600758
40766951 777564292
110877018 998561261
420719698 876739389
827821664 1067616725
601886296 523233652
241930087 822648927
185750099 196242867
909824224 553223568
692616242 403900026
981179587 911418272
450763704 8497980
110788942 372979375
211183113 762157046
250503309 952025896
588900150 371403025
1067585112 1046384356
500487790 654315890
862157815 1030572608
891748142 52806933
234654959 158248958
178863136 92649965
157061011 777876643
893064386 735307454
754137286 784595712
264606750 1019763187
962214839 251114238
478750282 434928443
276162424 767496850
441517861 188872409
404579864 790221310
1046888156 448132780
31733774 964634312
943713860 212696657
1064082340 919263350
512447035 935814914
647650157 708083939
906188966 618778418
377556414 123279504
879055273 102810379
120496327 457082693
388486834 212175300
748258799 240045264
15362899 851038213
103292196 226095796
282885914 877436003
900030842 522193525
690728033 910434000
753796275 844233214
264381401 647768859
61893056 801770879
373866685 322643988
499635665 113447199
114847362 227994218
452204411 958988197
190980393 949256377
565051745 570333539
534197984 19254105
1011938967 576616596
841124932 485895772
988664928 266420526
841644703 736216679
670259002 229489942
861363933 404337884
835409236 805772599
456111403 935568020
513208462 312949004
343184516 781475246
326331885 733674001
986835562 984076042
422551050 128182496
129047087 296137079
943581699 545975453
48717480 727515746
766943611 359683823
371233672 921966322
344163699 211632030
348382927 7483631
698271924 236445786
501974287 313441879
966423317 474607672
375611452 28996732
390696426 416785375
441489395 504785051
935357086 745890956
662268260 826327473
294105045 618472231
36616312 796708953
174484219 168281111
568800813 330802213
236147763 505774424
139318863 1007361635
529103371 762854693
47397934 421583529
715435994 443540160
486336714 35404769
1007721254 464227546
644112968 701546266
213756676 881709290
455190228 614307691
503667535 379181086
912408446 1053783616
641340965 795840534
614839711 577341822
1043809936 475209980
899710166 597975234
732777800 370788999
593565102 106707342
1014754161 868914203
931398718 655994295
877441188 708411167
311640722 1032044564
53090922 997990009
1054906683 1015677293
273675473 550691562
251266191 927540308
141910758 47617093
1005828374 65632962
939950791 417692336
620815209 673909071
175466437 176299605
416477307 648616863
46742009 887595056
1048397483 654848414
434808163 599929618
200587948 144822003
826889680 558685715
946422184 657326622
238556263 528283473
511022426 693972137
942584417 125783862
10845503 409638995
312223511 276187559
766088124 843991969
178764449 27760134
303394933 1017539482
690420727 942773827
677307071 757798729
7373777 395607964
844439607 244028832
601885115 905882588
814413050 733433818
675351735 1052437603
1030239620 162809395
983322326 961518397
852078409 219242258
40009273 409387454
608807031 23310296
998026081 882419950
1025729427 562222367
15580350 351313774
557898922 474713407
48074033 865746537
110239934 58437344
121733301 966263168
699207072 209929747
656207428 284797824
105779582 747196115
170592111 823647571
969719334 148126371
448405105 1009826908
95983998 383001731
714497339 735280431
454967408 581789616
147292924 365261315
935042463 70534438
655880439 415403358
145467446 946432981
531701502 183492378
421843035 59216123
379124688 686373923
112901713 948132604
735801484 874716665
514002720 203618302
480302017 758734421
64698233 958486281
840642590 592651401
482846136 782880791
891246878 744588004
509639246 941846
1037059449 490079092
958025070 518151182
415824861 165001838
517739274 936224669
514406186 849455866
821005905 813648147
297097609 277761778
753145828 358198156
619913601 960044443
163467483 204958166
406644220 49018862
774256847 51464085
503600890 772344325
983599356 939620414
972556756 784994659
432615921 526962167
367961505 268092423
9959951 926950557
1010732323 170185569
456198790 994593778
300377687 205100288
684953839 866136821
873972484 962370962
183449454 26314088
164400333 300538619
462862467 285701900
690211593 168292946
276471621 272303338
1014523735 154065904
677331714 1015440170
806946614 758475297
717710276 723387795
468465923 438544153
77065520 769859168
466607032 776810900
97021114 606405553
829987363 545318700
375623392 923055825
386115344 286661669
334921354 256701988
126923126 440642345
744169846 17984817
550838277 65016789
803901386 872725358
639029777 578535881
874380856 381598976
65780112 616455253
677566363 371288088
618174308 115357962
534833606 927746633
39392332 474417048
216533616 195030203
680900986 282286197
413749342 625224618
1005384759 977625152
125099485 984528397
695542759 10431705
417441398 90924715
226472856 494745145
417461267 53398203
318478594 61674901
529888856 775090654
488178337 561513698
432290293 862819939
629312223 341380538
940511039 959303658
371583263 756116557
935207518 629397499
302295073 1053299146
742034547 915417302
712751352 830362027
532825458 211394963
80025259 312137251
81920290 100908006
628095633 766658562
1047293892 975372456
305378551 241630794
171212557 515999318
518701036 710333015
976203426 734283471
94230790 850151368
302166180 57415041
230224056 254861832
1037956691 896518156
231631681 300662106
365375279 374528200
250974721 16060221
717008543 786830424
252770390 118299858
675184457 709218460
116273933 508200059
703618801 710168461
978344451 729994989
874851161 208580526
712164583 305925061
259972123 990783977
403532997 714806054
111280503 840884575
707566544 47907553
86707652 959208920
95677176 10026919
830037801 38988282
127443679 200047437
134117661 1058319560
393293228 688957633
1016665999 154961850
741866644 352956151
604270837 616406974
272993785 107480582
255820096 135232962
525852126 268184185
221976010 181543573
168917394 803788440
459188032 163456525
803933180 236659930
992210142 938939600
620920530 909298413
710358733 266387374
796687696 757775686
314799628 512526891
12664496 718766326
1056820155 350594983
848863995 235187323
62971736 426695759
259502742 640873171
175667826 567042391
913931569 969006808
776988566 885394022
397552270 1056088201
819279984 547838465
345104491 538200204
1053090903 269353827
806962046 565970755
155613340 156540721
441543193 930731980
609015785 435030475
80933985 143583052
948540567 1014747976
99507924 363423121
839683975 166634706
523685818 694094979
838200571 903545279
930762819 266514932
927234176 188399775
214336260 743807235
441807373 876292229
114247880 674352552
34294993 592280689
929831975 387982638
64578992 29873261
933961334 1062323475
686099428 382464778
710201664 431859003
845925198 700362699
717596055 135264641
979748919 287159862
709760494 358566819
1014406500 753008440
137218096 111795670
432257361 311459811
958882186 928566217
470794141 55255807
79888828 430698276
86866338 626793733
187073866 764134630
175043483 109697635
957424058 112682601
902566800 924604757
342055331 204287366
103418699 745335562
869465682 704624386
209309014 565355399
1058342910 950380850
469893139 461015900
663335287 803169125
400782667 514229235
477180831 522622911
638175565 478074812
244097078 550750068
1047782827 1015375278
180924717 173663159
179068890 923455614
466941691 33553885
64571620 768103276
266081259 743258185
153462797 555985627
1016721554 783674307
128147344 81469470
228045766 691661634
645147618 481574514
287936937 908001313
671622480 922040747
237369483 456623816
331579661 891516671
615596176 554968733
669108575 128400213
506503811 730962498
316101241 802730875
149927202 896403583
353173255 693743436
789746337 872268044
473642871 666558649
647137865 419278272
550431994 929331251
975795804 472104693
123843021 634600000
623512948 993534905
150433418 619936748
444496289 658734235
119320511 947514050
213381403 356750163
764970815 637800091
574307902 881988798
813861708 1033689374
816196785 942788664
13973668 82987049
535845855 396660962
1010780344 380876161
947950888 508222865
536441377 341803180
726764971 327993319
15254967 214307075
678902781 183138690
457737474 519030509
100151046 11115657
232322421 429107962
660806874 677373194
839053808 489803047
657954398 817444889
185371676 894645128
596460142 815664140
51147533 780378264
957081567 37161536
442854483 391454436
368773083 875704208
120229779 198550778
464713242 932261662
245862577 571273020
193088318 982870453
988182926 482225670
238566040 867467523
493634654 749855933
233196651 618130111
115423609 135937320
179312261 37814608
19847866 333018116
647585154 54470674
768634974 1017244245
838281532 1039608754
767652926 115040296
763534259 943359876
967207489 450801388
1050518621 642316595
706130563 102841011
147603695 651585774
432380024 233718973
376452570 914473790
847503672 704173019
168062732 742026482
866445919 812800433
547096961 166213031
1019228928 496130214
356879636 372830707
69250612 249723106
883865879 1027297086
906879216 919063147
988188789 827272190
945545497 779975883
760163732 955427575
147430761 21807051
356319331 41137320
450304620 133167573
537173597 468266289
373453830 321374797
204804934 470840276
603705116 888573951
473741961 1060885988
663092005 930980387
646501008 732573370
127582940 763100009
835280512 1064241969
354330712 138379651
847996138 719550190
596833677 644415191
450667747 677636821
742338691 625485633
796650540 942905902
1059400569 371870357
219998848 825147180
577182491 483671578
913838216 61167647
130642326 981484731
872217396 780609722
344803922 808306219
77766902 16984587
265852433 655459684
662617609 609670317
823044754 1019805990
61587917 482112792
190240232 820517608
382083573 1046542326
942070391 94317
944960739 622801964
823809218 168582489
252252813 208769124
322670607 200205273
339937289 711876339
572467843 29141815
661060223 362340355
161552288 758508237
305758517 46198573
242466677 188743829
639306951 629969498
700242504 434792905
789238685 577094251
710019667 32236136
551481832 317970452
536445240 778274594
596970709 239210431
1012250961 703676696
662955813 293959199
163179268 608727952
508997815 110627744
563135983 578426947
73200527 41693849
311037684 990651230
964875842 570280805
384804461 657901756
111744050 113163676
2530995 6659339
423945789 429680546
562395078 18498611
655781560 254144378
765153737 387952299
321014729 348340743
116113177 737470585
839622854 936690981
765025894 174028017
440871622 597048212
263391164 977853755
523263572 1007100882
370896815 830967118
735982678 926875756
563031606 694531116
437091658 85082115
527014756 477509847
85820208 770079129
496715589 880745724
527740148 185864316
936693279 1052601355
290412078 646212207
186295140 265776949
269935712 911488216
172441667 734744829
1063071026 420476840
483487 289069175
299277245 426213965
8853383 294139758
544019084 68302444
941277045 253470718
751253714 867363758
575175343 850204604
192431728 2492541
22253684 984176817
982802311 495800408
429013756 198808231
177667842 985098800
598527194 703725263
592380903 198402552
530228274 620725579
328885751 941851749
555678654 625438647
195284425 284166460
323962397 910011279
957862086 1054918169
665969091 484668434
484046641 188680064
859017527 772644400
919196432 930884611
74621593 124560722
50152542 621855980
534797237 405878315
744422789 985355286
646444020 164484285
342227585 150274601
725668863 871027545
510314788 790858299
680112322 887419228
420021831 647704574
384544533 938297563
481880153 1056619578
274762061 219877108
482111802 102352487
729543741 123332212
664544610 370096011
962977447 700639092
288716027 601916736
967424838 341891619
149985413 683674838
739740333 11996374
589207410 23005763
1045613818 89111465
734917405 218152084
421655432 261697132
231324090 1000474656
378496163 834981830
488737648 728984031
931160517 742746926
873319636 624981023
1053795191 30237331
493265444 950935894
40449015 118717300
323469619 709824312
89833359 333120447
153249129 1010601239
668222297 407940837
887947446 260458616
815353745 826217977
541160078 201464768
101738030 661216704
490250384 938412866
612295421 437229208
175778041 781258914
984829874 112681925
407375637 323747999
615954653 68699706
705472091 413764416
500737006 282209416
846696318 510149326
520394762 1061365159
652020074 233336782
259847686 916275430
1059326260 820302612
864505289 587662848
506829854 308474102
315021394 726906471
807516482 1054549146
539012902 983737233
728407996 155730349
1057107579 252931317
765288116 870316655
890524720 139919668
14997552 38546198
599683319 709088483
867074057 988360685
345153895 768232578
75446841 20224502
523961304 611006184
25133578 147120314
881563835 1064735084
672835804 257328552
656997897 957723180
202952798 608071613
282804234 915850135
944437913 21992944
959285870 477830800
820655903 402385713
757942598 107325268
461432669 725199011
955288138 630609806
609991909 445298330
959021508 611604313
1004366395 537224513
209616268 871383572
230243446 545564330
966003112 621523343
357965084 245481152
610242205 1001869111
767761899 711245771
582669895 527084032
546842591 195434780
934817923 440295440
648402984 660993216
986173762 365793825
316137507 886632042
319950525 459580398
874172299 677477342
320462109 528451232
85712447 139938766
709449919 171223891
21727672 522425386
749959781 79632817
843721590 852801198
375483860 705431641
367410149 641587742
937568151 166949584
620497456 958725800
344772048 590891781
1014835740 24128523
788222674 565240952
420669353 961832765
772313552 161578496
599210064 568409036
311676123 631881604
1047553637 70191448
282066556 976304947
181374386 713342793
221123205 246150017
259925170 898890806
918523804 86526128
292909109 113787911
570272222 649451136
757907289 1020933400
606709691 746027325
29607453 443578954
60174959 17618933
230964052 823694732
834387913 327221341
705085423 398471148
325331471 1032315370
407114812 655139590
233442136 631163702
1065880787 290820323
1028084043 382459705
315742827 826811494
839222372 834974898
822094594 125003301
152584956 87568265
400483136 728596618
680396494 325458031
501723893 896119382
961781842 778661476
820105894 262087752
205494487 596319886
389681007 316214891
819378362 972850176
437173646 448485695
157855185 694197649
264818309 176714340
304997387 755935752
471810356 243374517
645182295 652473667
39873498 431993494
944607474 486918833
688108538 970574931
575949787 941843549
556531924 106842184
839337265 786873376
553982072 995021768
593156759 448267227
449468681 821453841
941277226 914534627
22364065 237513710
861678647 808900466
928294104 666446132
623299320 538448457
793396147 557450614
222407068 428645604
377308872 1029095885
116628634 153753775
514023488 579199998
908932930 866861225
809600534 227740996
700940290 75102762
960243926 1024275044
405752596 132045543
182875042 233815478
878304208 1019043460
983580884 149817054
239646426 364086915
788076306 773661155
199081512 583293279
242840422 624618301
442458397 1044278492
400855490 1033684819
139192427 1017677676
17444900 38945194
561825853 64467237
214491863 732014398
749008866 83737108
797055232 311703437
813210456 294287934
816125403 519030232
331020014 493954662
762079611 945750073
1046597815 593859368
1061672646 994250285
864936022 584544195
740223810 14152311
42984024 467016019
332755049 945367722
699551704 596455600
1044226704 600713651
853856068 484365945
947896913 861350793
359102720 871797377
710771106 472360155
134153762 846596404
870952429 952375998
799637482 233487682
218895045 518365833
898835297 651327155
219441831 708445334
326793793 958698146
859223184 722721139
296427957 771583743
244695012 750993915
578212601 162625707
875509065 230138137
215509456 116606979
796900888 114334715
405695620 73146971
475457227 181242119
400820650 319516759
54270038 580279443
912182334 62840020
769434571 903629809
250417191 923926751
546298779 166967020
381966803 654759021
878024670 431825381
109115738 808016980
146196199 535571544
278603662 74311214
242251997 1025963249
653724979 166395173
305613028 1067721622
39896911 471365301
823584029 809539117
640690678 989898544
527158693 457085528
180154540 755538184
1049146628 808411391
72131342 258883119
198123880 979397618
313225400 335303651
252286393 270692444
630734975 360417305
47082672 980412153
437264374 618305058
651438108 985116900
562495117 916568822
989277365 493269210
825613665 1002885602
1021086247 740652790
406353719 327905308
186594233 656041328
44925167 891848671
10328367 483838861
965206976 506977425
899812704 851771654
509133593 493985476
758792756 115787911
687423404 1064697847
996920030 641664380
933370091 418533482
38465235 262366927
663711735 401418811
380201761 100350955
758605907 1016813471
929835278 300641847
292235399 840247578
942358726 415817893
453574916 352165308
67805996 1042033713
785550605 57621384
982489553 801254413
116702556 198844083
1013676776 503749765
589679146 580722140
805319121 63857691
732709044 372016937
625648232 570737653
759136856 433405943
983867004 271709440
762890406 51113613
304914212 208388954
480184400 724048526
561858097 273444742
512301643 695737731
211939825 915040113
670806976 379311494
605354086 923820024
366672819 34724180
718832703 778184815
1063563349 265839367
245844733 626471051
935974713 319317112
320539599 341559598
390986340 972492437
702803574 863941375
963250712 771836450
666525809 685996234
718949142 921560792
344962567 745765781
1045929541 643010838
815505275 126043796
207381537 171351247
687356641 381861749
192437849 480517901
296808817 399817889
972222030 677068064
57578366 844848638
38731801 175052924
643466444 614527981
349823915 969185344
1001704585 833353455
901139636 689633994
858510320 852520292
468394553 164612939
772043051 920292552
144692614 782779449
325157294 173600827
386112811 700621522
353449867 1056403301
192674712 19701019
252840592 968273094
286691967 211455379
242614746 502369730
527200683 385437700
450576571 142449950
357210592 554144767
534732300 146065899
1021171673 56652492
128099858 491488233
237595859 922103425
500080640 211642187
963291354 788677342
304619212 4496723
754230088 833564440
728402360 144130643
94124615 141289702
837171711 869664277
656760312 1031400304
550508464 645798911
1039551443 797923381
689565202 486271734
424583888 36300837
172595078 62990063
93417472 316798159
463451369 275333816
497067942 75143190
7350764 247165321
35499497 476907275
161901228 644121293
470229558 220945799
1064911823 329271778
1040329085 704762138
125791094 530235838
338142217 360301242
620170851 47689126
776011222 334502978
786348483 348886381
920010276 232999978
734757979 180055841
779321899 704079629
418608836 987990596
163596338 1046920368
1049058133 461962455
661903349 586606084
56579336 771871447
551775275 222702349
1016214256 651237064
862310859 973345280
257516845 993682839
34057672 1022868473
262971761 937140139
192547 1013684710
40700083 504508212
246120499 907685235
575097872 835170170
61301380 1057769471
763961386 860904560
94141553 956011175
824059748 798298073
481622437 563207536
37236408 353802121
446707476 182985128
340318077 227454408
4414791 332723126
637326651 605688439
499376784 13308374
603644084 906879268
667108799 14513039
830488182 274141863
61661017 19495062
180835815 483285588
523140151 647491034
1001991855 455814178
900901253 157464184
804059980 281921357
341424442 742293407
710307420 278945913
43522846 188417414
738513722 140909137
99814596 669800583
799487394 812488153
419338285 827668500
419640993 986055443
77497139 119795748
182173687 768300160
266028004 787853300
362937922 95052303
444741768 60945511
796037525 946141911
687505611 305033444
13623068 473880348
636590535 335572348
879272291 3276467
19194222 368812171
406497495 392488408
948853858 325736178
332800095 527496375
827637314 849603720
441321188 732874361
621774412 956887122
1023995840 896250457
631276618 263099963
764199051 125436284
384359465 216245802
33538160 304309008
530207611 931691283
98289680 54877232
944482210 558161930
848681842 117654176
641373586 694975852
768470032 281084909
737665947 624348496
426799154 195483442
888049486 518396092
224015972 491642627
765047286 331676209
532960990 822886692
43334788 300673789
57943209 243364167
30308259 294155310
146033560 651471557
660264709 984349066
717134699 1051618013
445915594 102027766
235695078 485669994
88648501 135361864
745158873 834110468
677740424 709525620
761366545 1035967139
842744397 393471182
53060623 909893608
923177446 766005760
442259870 923804062
699745055 190008054
163417011 819580103
630364838 1045655045
191394588 333701807
264643124 211600816
540662792 866682933
850033540 567196866
313578367 136154510
819677281 713748092
257265680 419104218
785625825 274098206
454327862 16579210
408818229 339043604
888032928 974991775
235479204 651364479
857005449 665273093
5787266 770567868
778091413 121545178
776994814 808040138
480695778 615845138
82880819 562825743
176038282 802057135
202024326 876795340
1003294249 116026483
933479006 25090936
936008259 826295832
1047230927 863819417
793119626 787556154
348123608 190018750
719569969 258080645
284732451 596734641
398100191 1832003
60016193 678991720
767490873 412375227
317128582 792996026
102682116 260134856
801628323 728440079
1025962093 713496018
860225439 365077927
431698613 363775458
867774637 670859103
762833049 30269478
869254914 178271188
958876930 190468602
29196021 506622281
952290959 602411061
156613756 601494419
631226360 1017184873
793997914 498733319
377271255 360045628
790668335 1054000689
459118690 679478354
55959142 418656998
923348267 541452278
513346373 532754649
122972653 393752096
665070118 359229705
1046218093 343952637
126656727 849249464
388934891 295210368
950368797 540878192
967758093 966806242
1049827139 259879923
205285062 149867568
639584161 648309043
351516165 982505313
362249415 828709832
569375001 581586917
892561370 723002281
835010496 972105053
730847242 1055826363
207159547 1008597271
561092512 961073951
378593328 334114521
751453965 798949841
178539521 395613268
568127911 424379881
259228742 908180220
384862105 957251955
45158389 310952657
722950333 389807706
873329132 85457634
66291815 331784193
761419490 1048174489
798634215 245956068
924567362 761496766
377775169 165314276
508275081 631998193
380218255 40181602
947339307 666397773
928353031 465237227
780035096 695228054
532491611 415215599
285105382 180805972
291773552 525821722
1004287196 485425650
