85589955 582073567
443870315 423334273
137485024 227680291
909767004 268185858
1060531536 604086107
959800549 397188767
763010770 1064618994
733464804 905488822
256552204 458666319
450382652 55560338
657731231 800352789
684267277 540203245
127752350 144759904
168497770 60026669
723337605 154297666
713972571 392844238
1053114995 670769895
328683499 586689932
565557911 998470391
463516289 910716353
582996673 890888678
799955950 128621337
226046294 617062564
660449038 229178377
747893084 607293200
937931393 664151785
376960 85559946
413718867 362410590
318920985 498566220
232542625 622539409
1052333161 649839626
917884806 497987233
47476821 557185283
187513078 85462804
953680594 56980981
197178465 197846919
993190363 563834775
346897112 41652455
187007084 792245907
974708134 445570802
318180669 838598428
1053597704 370083924
44127093 522701832
307974819 109003941
816067650 143892000
702340539 127572883
215680799 131980096
219477440 100475914
140572577 618547492
394106078 867308172
835032356 745137379
255543608 880589190
471805099 13032685
555105224 935880948
934791369 388370598
545543146 440095077
508955177 122315606
86092431 198761193
378042993 1053551931
1044876284 812017365
921181364 207769183
56805497 862756547
389734915 101847956
178186125 347141042
821979152 942960031
594113780 1024160649
608545691 428924370
955232023 657909312
421544241 877255091
1063656687 228133911
707554199 761554372
951031784 615616859
890492425 491283161
1015457673 52115749
443696785 527061687
771155652 725796688
28115010 924455615
870051609 1004196456
356994491 157855164
686942067 488553389
575360177 197230196
305286661 460443873
541737053 462716662
191442652 836645976
595980273 169066844
223324644 324619230
480941041 805311097
298064137 145512394
711259301 1041149813
687152966 207781932
202358391 718561710
844850126 253311785
474345298 136905118
740374853 512364102
18229169 1059148401
411264642 203577085
16233937 68280250
767586595 360868563
630877062 415409821
1055956640 411768838
6531419 343992941
968339760 1000612891
553281856 407804486
277639068 957422713
33614851 755509809
34925684 691772911
534491052 218467649
1019457630 181338591
549554418 645222998
602726064 124540681
33564273 972390306
651507211 137291013
176708823 510744424
331989341 290092221
450625324 137396067
766176135 343645935
195233292 17633172
3992365 947736193
505509516 376662764
744731997 393093997
56251954 324421345
955946339 544945671
163572628 959499573
661744192 323750840
797544311 581659556
582088725 594583212
854173188 63735081
212980109 1034385826
819830766 1039737630
897170502 11688577
680560342 626667574
183267981 397921457
615661941 243011241
1016842397 1063768796
285539609 190883070
963919926 975361167
432319193 206589458
933620794 362970937
748404588 512939063
278405993 270092895
767883005 64757920
859975776 912384963
685679512 112515161
761756010 719506301
351621446 247695973
615242034 548101304
519666744 298930031
583492195 759259618
252873728 559542378
668591479 969533874
984905469 658626338
115111716 726020132
512694677 949587139
609746060 806186643
336157974 545633116
514081610 26307457
390992314 620767872
711304321 481160107
867556466 681604849
601668974 620879090
147535094 701606780
558306495 133401733
358401957 906175853
527898530 1013246756
191818127 870146890
37576048 780690260
297455841 693030164
919593142 1035664078
868739572 24578192
416234562 578525204
530335831 760243558
455681839 257916946
454815667 971544337
961561074 213950593
444536962 487676530
334862579 382548865
806625996 19374870
1044988447 195273713
263816892 437068750
818420780 354218633
574203182 131126579
621520937 566786763
22488542 664927501
424538551 536340947
1007350711 998892808
128507770 1065089617
519889904 873446037
296128631 478339262
369859046 382505892
498849610 663708438
702310997 1012126207
759404632 230379534
118606563 615503332
165826117 1062408352
470138893 701617955
112002677 155728606
907635963 587196653
1049904192 705716551
519786607 519655184
575540139 636473447
537377386 903937629
865963143 559790137
648594835 713597411
86474239 514961631
663324531 1046793265
812714659 751686114
88425565 136716353
515511629 586847378
520969338 820197019
352902499 585338506
697899398 959253278
837963253 510800524
112641680 900782294
969176265 1047437972
878087558 820292315
723583066 197345162
455668630 733109597
202218051 907714368
760136212 378516946
932264451 430878646
554129844 136395522
496215709 876740230
579685293 54018217
919581645 1054771149
991103501 14040640
830823713 1065957049
895749038 20256677
128714129 110704859
152774464 207005855
758482863 868790885
277856560 1025072547
501398534 490931729
103370317 653277062
21336889 569666427
982616805 703672399
1043636687 444757073
782154133 312185322
367308393 803331991
839027074 1044850068
233464846 1001116431
521931779 493005320
143934659 1053491197
110360812 814881151
770659012 926297230
431872813 200906631
220131890 107014343
108090887 757592765
527985250 717546448
255483290 272767832
897583229 722393337
886644536 1006991161
130936977 141442751
120388998 1063458756
123116531 686227948
67694252 867562505
113523048 567444844
637655447 720771545
192737935 310153925
722896108 613649341
1002823069 163637658
967156754 218060365
642653343 44940227
618524885 291088977
208541278 276865077
231082487 180295602
786419657 54461073
896666190 845513906
528245879 804628176
424927016 1000813928
1015677522 1012473131
174430984 764878671
773355916 352606997
681972539 643514395
540191410 838773911
816468479 867048859
402511892 935782077
1044663878 751453056
429703754 758482118
983092722 671093853
589981502 87183581
1062030324 467852627
1012864328 481412799
552774398 416691566
541171188 637961266
269122911 19830099
302268553 431892654
313381519 918127188
344032383 536879519
16258071 501341688
479449215 664497070
216509162 206114669
33237600 188785878
631284276 752583291
370594584 834572549
918926302 356553899
367651459 741232440
533541117 552154138
682939869 894732095
829954377 287373202
289217866 644423864
880721898 803062457
820412980 264563008
596121406 229339391
764581329 1051199295
818084062 631181172
401900753 695354309
530342272 748081569
797937347 463806549
820410881 674233059
533815748 589783897
711212223 15631313
73137909 7675059
431964977 714779904
556374669 835512566
805186268 114622558
396680377 322486977
614830498 826086201
328134080 88090133
383236440 824910523
186123230 554011570
676890955 447759499
16824728 508878266
359626064 345498160
183278109 857891438
2318134 708293965
79294053 31200286
650106847 453243764
837835046 388424511
137673868 64705490
827997211 570441179
837499065 558647409
145294034 300500820
423744348 143107254
893758219 975147433
604887523 939517724
262208910 293932911
279837203 540338929
280697140 115891697
460166117 412158711
1006028792 953765990
692302603 423637137
1065508072 301056801
338457570 496731745
875522832 56943452
749758335 664739447
999298638 1012273069
947929612 280877741
692195986 483424151
251413138 174329620
515957138 262876838
942860868 488018505
9708960 699843442
493866606 41666118
39171162 113627452
812721104 327795929
942238666 118988439
316414287 1052135380
647079092 369769258
714712226 604592183
16111232 1005026123
307185902 750595769
291291486 854012339
94563501 542853517
1052347275 553277338
394036014 691229147
824057101 826022012
104175113 52018813
243637981 524173354
439935665 532555956
93327576 244185401
910320767 640947796
246434587 72449565
487186062 675558926
772211830 478684933
970164838 420492935
261226715 494513086
827766132 918324090
216421697 230399334
241942999 405234726
758424631 601767806
384831900 601806362
1012890802 1011549968
803002721 750878252
119579212 933308442
48432431 291778216
240720265 602208488
315617710 905352525
774207991 543628391
68044332 818696146
631578795 785384558
546248507 62187666
848497407 937307629
147028702 857887003
642351218 934878695
211886075 620071977
62036891 844149165
663097914 638194649
544885910 470208663
542617738 545728346
404215482 1020661730
1000487316 239210748
90017436 261231345
700168355 33102728
856272808 503324841
827254458 859627681
1015749494 351100769
405024413 758829894
237106229 898939659
570115761 652914232
907319121 599865995
859104359 602082900
322644820 396860606
452315736 890555310
200773888 276011020
706336264 203997724
414430750 920201033
693136772 482350067
700094722 769184971
1017366581 551000967
614330637 662397882
527871023 772700971
467093550 419472590
428623662 380785503
204292135 899812490
670074422 376890596
425538620 793942163
113194309 652848787
455660426 433771274
362711911 512228303
247846138 367831809
524074890 299941405
318709688 719092331
665290967 1029181763
132111437 848433081
780473053 800015527
332977839 1016326717
1001472623 265598379
34172490 503379002
388674660 991241392
428601905 582356660
684370563 1059952033
359721577 119579200
153161133 297495388
29019774 52827001
299016831 275030975
97071783 875837026
795661830 600488870
708724075 772690571
319347594 619164305
318987508 709162606
3344147 306467104
490109829 973500668
443087321 1048604021
521955336 1041774135
1018396277 879978334
289431289 556382822
768174248 677542000
781478154 269916741
849966613 432542635
128849396 773366099
1016842123 425062764
1043870438 214174260
1033576383 1050573364
468847187 36647903
836895012 898121285
38516724 491826455
449613664 139600635
448504479 766987754
115427763 525106038
393087295 171429009
520047050 838387302
805907113 603837701
317912729 101255348
123076663 620307106
863018920 25886988
1025059743 347082895
298546154 957591438
986098991 529529824
261492051 896007841
237095722 257242718
460292351 336481571
892558121 100347350
447038952 520773389
635631452 197740978
641905156 308457289
1029597148 607999685
827663791 440584973
179122646 242769504
955776814 921311605
68222235 453780484
356573401 721207913
405018759 531594034
128648494 858880349
322603195 938496701
137603157 714627030
703403807 505880568
465322231 730283251
39688525 981535309
32665966 859431870
413427803 279760206
14965758 629596247
650031384 1053260723
378434394 500048420
515836632 672589461
960540631 480229360
272621560 614663398
289147823 148911937
630263696 727852401
720447528 809058413
672462852 278460819
142644236 373264202
4502507 140355185
915826518 688656734
873257614 280265161
793641444 194744967
842916518 43476330
917385586 803830927
1049093240 179819108
836783152 563065575
224155341 490258142
121856115 389508745
408902017 772640961
312198097 85183837
658432592 458123460
264644936 194519506
1063602340 781133872
699102942 530548484
162326475 492683872
193687822 566295911
388301935 975749050
418166710 482657163
80775464 198437552
1022230557 533649293
981210422 89790638
828091138 591231059
343584190 447365608
188888726 371226965
360465545 508830485
80304838 669126973
677971140 980332976
562617104 799749723
472294229 97651115
685915319 301529812
752923781 944692807
231771667 109745228
17227916 226309047
124752318 923988346
153243184 641063285
97976271 504518026
707781250 952611134
5326648 616112881
948126830 881313749
270286207 396570788
900317529 843139924
844103358 587471221
997422411 742029485
804802304 400641435
659250777 552978401
531654911 1061178288
857342059 109182370
59187913 775331940
1043689235 750871285
517502287 808523225
302704872 292720205
616317554 707534561
731056796 60958552
459310375 408584256
105529664 973556920
647833436 214623654
458679939 979661925
776532948 906186978
409079782 534045474
232167821 857748068
764265051 154610239
411916150 131614677
666614945 957617466
923633486 130688924
285405763 383855172
834288855 395386149
868062489 963461559
913986707 448750312
255673643 107420692
347667100 315867794
444333830 75570424
190804650 978186596
951564519 707898252
674520022 13234897
221911540 948874838
745776539 280514063
67390533 897415058
210606710 560521777
118874164 134129777
967869935 902099095
342011506 1020641486
595903598 863104606
389836624 675479820
342520015 307696964
726040211 111812847
800599710 153102541
528722468 1042430860
777710217 588762602
823922495 792564767
18188117 448833531
744328216 781390219
864812428 871209493
138318541 698627258
909568010 591443607
598766809 636391137
872047573 805085189
472762328 878981021
984632445 765105909
1058288929 151477359
18963106 78240199
464273717 864892882
646492285 200862514
442619934 299397521
795944329 43580007
54333136 459580597
890490141 724123113
21791552 457675630
1013080603 166754231
192897243 320985831
490162185 661658498
65261165 696139045
660074444 249858660
948013365 251783254
605496792 830392686
1001435859 45433963
980902106 633626201
50879691 463961609
540602937 588946124
1065659438 57303096
108556635 348610541
207225894 240588327
122888759 57665619
591247663 672559055
470567557 502947752
374410127 705288417
663385715 134019405
317369037 95417326
460476488 809757043
494160710 584714676
759552943 144126458
460109473 122673724
917028804 26170002
612228751 701155603
52996900 231229310
577002153 38658478
103634562 710813971
361716047 390765885
200721099 541620020
32088177 350318926
1012834634 627066626
30674446 41874257
590624542 1036951415
988532458 223262421
222709489 504504666
878099064 652921201
544842630 507418641
109405453 313643828
746290885 761083061
1038136390 543025683
200738017 94940758
43524837 257525312
451444950 559531268
92889291 166463625
163113295 913144911
808390572 738234217
74477187 833001729
593860616 741939413
207871873 917267958
421175840 350019059
463922588 709683135
651395149 56646142
547758695 842279404
489758809 501177194
1014420417 502962845
738268283 140973825
468082648 33957528
263903693 194594946
42097157 961447016
192773425 633493923
790853309 352915410
503453928 493480737
217269651 505122205
912154019 432290541
304614943 358852475
844061495 1007100855
999521373 156406699
144449437 169107483
104688484 889650906
1028530503 717023317
671735791 132130921
35549885 720762039
339199469 381523741
682179864 173555013
467563087 60021425
140924494 853633397
84432435 775425944
430145678 915362776
35735741 496725094
345074292 783002006
1052935617 779701876
940134034 706862110
852215833 443336909
359240902 322815658
227638232 160012534
575189738 526038036
594216680 596088483
109943810 706854295
471282832 979325866
910362232 757598144
26050063 32947702
949026730 8697612
423702588 657543891
956408390 239180717
179301047 800386340
961229209 1019271158
666039919 1061822385
174180982 119983384
134223284 81753582
332101722 540858171
476450600 356218765
293783221 765084119
188199176 886607169
889982597 84109262
363967832 263324291
754811227 738976863
65378621 956280293
493075398 374473014
232582897 1059980730
433493173 268664748
546857905 91839555
171864831 633302144
171148011 625117995
408905085 497845651
288731149 461058789
166462907 1047398642
320310604 272027469
70808955 756598704
441713633 119535213
124737444 19318542
894981702 906045162
175893046 862174837
698642297 490299485
954110417 569328413
211981375 394258878
443414022 202415772
717964133 190959093
237521736 692789977
214344504 1058097338
125017340 491078078
602132543 341669330
347727020 593104077
37828292 103986065
145659693 650375051
290009228 781070926
86833386 740202369
351176275 951797650
484657048 185086761
215141391 138801082
219824334 826305873
624902033 424965952
60789850 693401701
782104798 280450817
483577399 719291791
988606439 326811519
72304084 323306702
1034250858 112411671
28984148 401796173
384436024 711398520
752390681 797828411
468159383 271208494
661695317 565910946
957255641 114239152
1061619395 516376247
996570380 366751005
74383855 350488164
276977126 808352423
249576802 540896218
187721016 948014911
857973543 735429448
276641137 155560438
702100924 53939254
770538397 698499637
134263190 925514642
642932998 94084886
734400138 1026554361
360256278 107674025
692590471 16055635
239513477 111285015
329904383 10845213
218094044 587725239
142705931 1036659204
795041191 168446627
477571691 126915496
290340034 1028863706
313517296 233517241
344407813 43771686
777573465 240760038
493851730 548982439
558399336 609200435
598972998 890451908
150907667 124576607
325559911 747435743
109082623 1049145194
529274346 58797605
251017288 912086846
870840345 891162510
781858014 418665636
79018150 605320525
675064390 547299430
179547979 447197483
772988504 308174731
604285224 55852813
588347879 1061493671
671000731 895378533
971310739 688034198
907250153 743344811
428111982 27500088
535164523 757261005
430375373 215974679
461122851 187570394
932511107 770030778
12900750 689838197
696063677 539221092
584775203 342175002
391593332 593601203
981298019 356351071
68603309 671173593
680358628 780521699
1031165423 528567221
321505271 260748278
990450094 691577030
581803494 281546461
483551131 493332856
262839135 827653329
406142519 398962809
603802790 719992816
684984910 368980377
501458830 855717830
935021333 842661462
266822894 1031704628
13072382 989720672
360620762 855524880
540431525 244585029
246206683 798873
804572192 1605666
796605488 949811619
557492133 142574914
683668563 576658504
109879198 570783496
32434430 982813418
392993083 203835996
1024948706 686898032
410735817 460140591
298836196 817880332
681415833 749172556
886958352 670790120
542651293 221534237
778092510 308799169
814401961 347802691
424259544 603511630
640010661 470756215
64265204 1039476844
908588663 276775387
39582170 267355985
178021198 330290577
908305645 144236256
450260095 346408595
834376457 291217741
793546381 844770405
991669897 198522516
506886650 179275348
597961065 417415207
1042256542 811795851
871740943 193787880
1028838239 328674497
569508432 913788561
165078843 335372263
511407060 636473472
479593790 503326577
502050933 8102433
413962475 877199174
610338326 128369709
750243609 1032289436
331994259 787987637
260504040 869859494
780074295 364044652
308304565 244333724
546225277 1057052078
814614363 817902034
377660800 910130881
217124466 405400696
622199140 958051126
194859523 100404391
548053864 433132911
452421718 623426438
936535342 786310685
938170637 999707465
632873738 315538823
917623362 590746399
574147472 232941897
817802025 72894706
190920477 414632124
243679270 31007673
423880094 488374820
730184756 354124525
948159764 742750564
1012123620 112550744
548591992 607677824
546276895 594847060
675197760 394867769
287040339 275576656
416086863 590760889
285754217 152600754
476854637 1025678377
346887574 914532467
177849237 494791730
432815247 559956175
752964532 895594347
388745763 520669644
270231893 778353318
459186755 235643761
667510306 575386876
103381971 95614457
247631806 172631744
849894343 417003452
35362837 534259771
311414510 171740972
490222190 677960525
318875553 425233757
426896717 614390209
551460922 971531845
432870287 347291719
769855939 413674875
448812379 198268624
522277705 358695978
445573264 991725649
555009149 210143547
514616622 946646240
528045936 894747894
701335273 938580805
211771615 966584535
893899947 992707872
33117101 833347847
255126387 1024541003
97320463 911398139
695802589 380356425
545800815 1060589682
580549518 949423413
548323644 124802538
620873801 1012055413
999758063 967856298
94829052 985706857
117503588 159925972
434461021 481460248
140652237 1050193728
478653597 714065954
965666388 115132919
860706478 516914372
411292716 16381182
172427490 739833618
1032183320 392960303
419932863 247687315
604543370 734803147
939039522 225747716
895094599 943665371
145260987 394384131
86539105 836426740
151657068 737863675
513283604 822253463
13256125 665502933
597183728 491165393
926213137 322867141
161025271 351437102
501766940 883508060
1675433 106730501
77847463 681200310
140032431 631217864
657939233 140957422
424157012 30858715
970433242 39652011
866685263 344069152
573848894 931501143
550332508 800852018
997234585 782021845
69268581 462487038
227095701 196933625
795557038 213680519
1004739229 677682362
676112029 8185522
722716758 610215063
994182527 448997044
868844797 867778867
259514352 779708427
951690690 764938377
728109688 984352204
879236038 85671840
931472084 1001191669
1040886124 1048142557
406305747 209748827
797232549 947192872
452090205 1019064154
676341910 571838101
451667490 763895909
964707746 834431254
467967706 789616704
380990495 630643648
629852983 195374959
459070958 910978203
196774775 19576312
813200559 557564616
643335669 974773232
769562482 901685634
131675143 215950190
149507554 545102084
125905613 904318433
174346346 754836216
296292423 503087429
65966196 883350057
191792190 628021506
534651282 767502467
424639476 649085976
335309458 151469631
1053713998 552853518
987582580 302902052
115514579 185041256
658986836 651113170
858801095 944895740
496326288 17091920
242417711 1014173959
332374646 595861600
585714270 755421808
773772491 628558404
22980672 864341470
555235517 1022949023
145734159 934088729
582929989 378786552
203673797 1007504026
1061615889 202271878
222933209 397649324
699743874 194328635
753528907 383597795
510134868 786541793
70631044 825562534
65076740 671153764
236776367 400307782
385001951 714352901
150504665 974764093
264915577 77245577
986242208 448093220
327270371 566443208
621852475 884032421
548733938 378298720
528231264 691068217
68787898 601217076
103436805 854695107
666114568 405325227
259386927 127625614
1006857226 727661241
290159871 179756334
153551616 857425812
989375272 204461730
216060886 314777283
151884471 162864401
660735945 30337458
493721621 768253726
120147699 886769671
189703808 153399006
455082744 141076555
830311057 467415869
397197098 438141759
284246343 413075158
1047973906 675447196
151059665 22780497
470769679 273961052
707792105 9125555
597281226 313700888
444492874 404387103
871169614 747935282
756530994 893404675
233903320 17892297
651458813 136335775
872563009 994399692
562759968 841676445
81462946 815371471
657340540 905453590
981659546 85230493
332582052 224033763
281995128 746123346
134879915 280226681
356247472 387654549
86893148 727884008
946912771 89087696
24172759 845287983
557385529 62370853
1064720814 630557274
796943112 343655236
151233109 151338140
399670746 634199385
424658861 291991477
933810575 162395907
550822334 843580976
974800959 422886707
1018922810 728851931
702298959 132109398
379376780 758231781
938783280 529792919
900827557 458221148
673448928 278531326
1043327702 168309673
337271040 776819635
270256674 571064315
973836251 602237223
735507576 396813886
62957154 435290981
325480434 342214167
83990184 894620468
965247367 1023685320
511181547 701293814
345128445 710559874
471139841 432470319
978030480 639290058
1038196016 187865291
516013251 315646214
376667974 628276646
867812414 699456825
975215069 1053889605
526053131 156586023
61933050 620825855
494809479 464487461
172226166 374552018
770419204 816008881
790976453 1016600626
518956719 763349732
749932490 22315567
161969419 848954995
203798544 538827403
453954968 216883910
976512600 165765142
50804810 366229171
103422950 224007249
739804971 22168387
233101747 856108128
162612879 358828811
31609175 457234381
24204878 372876726
605417996 999397832
512611053 1041204702
654609525 860824996
348986975 798816070
785749092 514884842
87876298 266939932
71840233 744755422
401873207 796825487
668070941 342159969
532599013 220003382
757537750 481596245
783106190 634251557
908030156 836036162
589543333 267263152
677083947 970537966
1058295408 428408885
853806819 572470947
774808354 698704847
248225160 49965442
51070183 29135622
420012557 327132768
144530243 661490734
359720898 201557965
411466125 125502020
365814807 764466891
799357331 473612961
663776311 1043053872
162072711 687310493
889380078 148564573
497989975 99130498
1001515375 241146353
45275421 1034367
785889181 368810611
812669036 636909496
969529305 1040610529
442707791 607595459
391491812 430084720
730196848 98510288
1055115308 447661883
320313768 872291017
619923313 702927008
35148153 676345158
687226095 775043002
1047764680 568291669
653062756 40475605
668886602 617918045
535925574 257178609
198170651 173927678
124927059 986904697
128992193 565006542
505478016 364258160
332670321 785237021
699976517 176483340
826210915 331846798
631292208 688982406
796869745 263462055
1006091878 800575513
548400133 866955995
265325020 445213452
759621843 774270021
984047978 41443790
225763133 951973036
373131475 334603661
534099366 886904844
704512322 378505450
356731989 125070157
370028149 946701290
526524055 67934788
306855070 119200934
492396856 677245083
351775194 811612777
425523554 1028477112
176769716 994411151
359203107 661955404
985165513 795665478
584278956 880590940
282103932 944056622
139348974 544769981
411437944 1005021835
1013119633 593979142
747632232 92854084
742901999 21524279
599891561 943208929
599028007 248274299
891468234 294216938
598706471 181576583
380644702 800636002
139579408 156745071
932303875 401960306
994912249 531164794
935616787 986254714
795528018 2705804
847712129 992101756
303223971 812400105
843883475 1001278318
731570632 17822669
23702479 444706994
653227871 455756407
484181083 461084431
560381477 802274582
903016287 135583530
125656791 409434416
620107528 393509485
553271701 299623519
849939654 301366466
80080224 886009409
1061106221 309266479
20725146 1039240201
282097911 864078095
770398980 541383672
599816220 842838403
514570975 849506938
1020930567 53665475
421668914 1007810068
391427059 869154584
825388017 1063946667
847137130 1056769461
535706790 180677308
897741170 487845313
159772397 875724036
772139519 693134075
10541997 454217921
796982683 912041000
131973681 565141926
632790752 588728298
983892026 753811742
259492458 924348626
901255946 542983382
760625062 393529525
819204620 817409593
92233578 355138672
22872813 64697477
429863001 678942002
610979997 850638636
497680587 563641127
182555081 228773915
38798781 827821169
1020704535 203450221
802104261 468477547
249156827 163936942
198256436 845760300
996457418 759205416
337969292 73225064
792461637 1036911502
737022717 303125615
500772958 49298950
761218312 245079689
918198045 433106155
152650059 713147282
219702586 687887005
408355187 582582043
70386249 15123785
382905650 542959088
109391629 1044990271
741176963 804557895
650471477 600733034
582778589 317778413
819148215 745725856
65459622 265953797
520594176 163564968
476750708 271822783
499193315 383021607
11276801 962693840
327486418 308937700
242777606 354658073
535194086 762542963
957796023 111811913
932993669 9876978
81697992 351721604
1065092366 496030972
117867789 775064356
747606032 800859075
705973762 63036933
778623121 1045952149
498121743 489845321
100312522 15854692
458136824 141248498
234379420 986204413
370506644 356405360
767292134 30074100
475322714 1055706433
526369637 1007832901
628760591 304576448
614592874 707181286
470593544 1066570618
529946775 543688779
32136156 962421833
393606254 119435042
476564657 490620029
782110808 366569621
655147611 58172374
202681453 366198741
917596329 734515888
288855264 62393007
373299723 965257240
314097310 854235202
671408890 865604896
532392252 378893803
448794968 259488616
443155295 888976621
382562303 970915429
664692491 315283715
707216176 938581864
365880076 908818097
720678469 378118198
967259087 318372021
899422222 642642351
564294058 93335145
514754092 1025191733
254921481 674218382
1033419844 126871347
408636953 131478876
1044470114 846675762
575633171 39644201
392353697 594376235
1034284722 1026693106
465437395 537909736
543588878 1005116471
3283818 569677702
603969504 992642379
154333292 321903727
762732356 958653936
351730389 252160359
726881852 813008391
331299344 693358003
20655172 117213182
456862736 864235105
247804095 797257866
720369951 931458361
639482662 1043995445
767856087 901117444
711777026 690288177
278982454 526374456
445410562 169192336
607668427 452754571
212598678 307228813
328688095 366516147
365424558 1034773099
564058625 423758723
260280869 309791082
558665325 309718108
134477590 97716197
716803062 787850338
961831989 22043148
399857736 72509625
156387647 664036623
513306758 524646518
931071737 881961779
903326220 146798233
411103878 53027645
53051341 843818
577670667 684990533
227480401 986968076
262225532 538537250
800911516 113415570
492449123 178796384
328118937 600671980
37799673 395609646
344751096 746929208
896476971 802732200
617504002 73216860
124912772 446429858
782716546 653172189
445176136 756174398
467541826 403384069
958939971 378569035
421242712 656612082
190426627 711769647
318769873 770651063
57955023 851679927
125729317 907582900
143997692 414998175
678441062 701545896
421199746 352531127
197741486 731138160
214755254 54297368
99500099 488532276
328099149 840902502
212510227 287682680
213782111 39059473
1030576734 658705014
683084907 358178964
196281183 813834903
520605757 640627370
45705196 978997874
846992652 400117672
320454697 629377615
359936815 387843679
158049436 713750935
840652840 419838501
273980785 820304018
447866040 773156747
152020747 326814859
456445616 1016229618
79294435 447923199
82812036 1041540580
217804268 990843750
303718937 361550549
889214969 47766256
531357961 182046129
304080133 814853691
284097958 53346184
732902038 998908315
780321064 778830156
822800799 859664491
474065506 39900613
940830866 694746223
320090370 986345617
173693282 844774090
490379997 75586836
325669838 782590601
406889571 674092838
920194112 829722327
271501066 913563802
1045428844 512699278
885035464 385993670
261881363 782581730
313686143 76009668
725629648 725217933
864519829 241505382
50168693 897501743
922376163 643706458
659149942 60584689
624330906 495234102
585157807 236460468
788641218 141673397
357034759 451159088
219715997 162888999
1019385102 942087540
480665769 1013386303
892073096 633332753
230636294 166001283
543213307 428420702
344885209 940956199
535021129 325782682
90994678 382737178
19204513 179734916
404140734 174844529
494200397 1043106530
1048165655 235424119
503845808 617760936
715150203 86739548
893518294 98525748
639932273 946527784
1066328990 112192773
846802676 801851712
388429496 627081328
394732719 183205380
1043723970 192367170
158234390 585629084
971557925 791572106
980148368 941718271
502685664 779801897
461579888 914274353
104012471 1068182610
835083355 779595200
51403120 508639028
456725225 827875820
613517382 375248844
482873375 719219897
536283474 768205369
177108795 564638009
777009745 391024616
548907202 498851853
132110608 950101080
803068002 446694823
197103048 626728055
992122788 397202533
307308301 718161796
102728544 323605361
907648170 763315670
347761237 419783545
1034281331 265588466
258920197 80966119
724172343 1035771477
61161335 256216206
643519909 676498434
168998258 247645584
903656471 933303209
197220188 302131330
951220381 294502098
757161710 89367941
439830556 573556664
629302411 584279402
849926400 657800890
244735203 364761390
492324458 113381083
790176022 813554784
476431878 248236048
80399399 790146978
631498061 734893417
671547259 214083632
774636926 162155032
821195912 1058577744
872896799 451465511
168788302 406538139
478040436 693180765
840822694 511542622
404854717 50161493
435396497 79311017
249720270 302414633
944190707 1060277956
157455665 204738516
390344054 1049331182
292359050 920616519
188687614 154136131
425202484 619183256
171158256 339858765
1044543502 435138840
766374578 272906037
535876284 424786006
664433479 340335144
185901075 807194189
618907159 277299225
462025655 354661891
526963673 1023507961
1035370083 1026348153
772855629 18818488
100254418 589953726
329292236 650193786
1047650962 797528542
869488364 241832250
690705313 900441562
356184895 614821656
170344892 447276335
826720120 548406729
143451029 255075571
903802292 966341859
326691167 387904277
787455840 202911356
927046452 834336816
718574941 1047941793
650709406 873752278
910975220 215689285
60023269 221851314
470964728 473306972
762056295 904421876
926813069 240577375
451302341 111158795
216463509 560029570
321247406 1016486165
907149499 244209164
416994896 47025602
763296697 475016755
508494993 576435138
201402926 520681885
218081064 1022652901
270421599 762664543
515580447 944872009
2469835 485245565
427567901 489648621
208514939 873973782
480692624 32502569
799625561 590249016
563129277 1056539256
571004125 302662454
810727519 612195793
61601122 970670072
338824007 96757988
994044957 191222080
88674412 921168156
818019305 459754396
110096186 380476694
609933089 669758462
561630603 991452827
1057572684 705168892
1000260773 389052458
270026823 614690205
701434504 121938189
1023537316 916648019
166133804 509332900
391791040 943302145
989596217 182621248
160588716 775793401
102780276 519389452
759242329 946292240
787071247 820321060
682824945 994559137
386495729 809422511
363296501 799713322
973475707 934680062
620848868 197803362
460350094 104321659
180885344 1033230452
734236905 944750801
174320109 600580380
212874598 869265904
118753785 494783932
385284279 517079635
763698874 257696367
788910137 862500094
743175763 76285837
677209831 1059047383
424362872 798804365
9748810 119415834
952945231 307437911
447341220 519859943
218472038 274303244
297221981 115177772
414862147 706061386
939511515 570068365
915198928 575186768
893364519 208529890
174004023 105430128
140456762 741851676
1032428707 611365880
796969430 677699111
888146095 501530026
923579449 667336520
597091936 664144
783896064 830953184
880112106 292755030
404452520 279867358
89330263 920514385
961071552 651046060
522846753 858870239
888361048 254880814
408916467 1068439208
603999994 25479612
249847236 912561055
346714461 955911218
1062745523 872804683
554671564 126419122
976465880 657287522
610284139 62995445
480867293 350788039
431323134 200965052
60256385 483027058
673305493 383965448
764772622 378210622
941258918 951833521
532952895 1058790051
626434746 601292395
28552613 781588867
123100030 301713825
694464410 320925758
949714715 1056221539
192073468 494216999
801050202 203021493
213734745 84555225
507026543 40400021
85804056 402875796
116816429 390061781
69965682 110607998
93888235 471474932
229110344 34776861
997653183 787376695
442431014 134347223
845604017 82717689
6238085 858446088
154768790 173611865
86999384 351208381
383060279 669819973
214666176 877789550
885730555 567243385
339835568 204540409
9518680 223218504
128237375 127832105
1002551036 894696511
11292801 221703830
275117409 830188985
715945509 581192965
605062951 578199679
830495875 697841351
945420943 997248802
851038515 868396982
774198143 311932335
707494987 821718161
435074559 195359012
21243537 487088171
995161596 116435724
1052735347 666804557
481562027 919966949
421577278 187642781
10421923 710146761
130861783 58353621
357265670 748365023
668514500 678991527
155699263 846688221
678418541 69687625
72162429 491628537
478830461 495264159
469540748 993706134
989448375 320736328
198174048 159105423
318881276 259518212
215716876 892738363
141673821 1016444276
519185017 929124728
116277879 199466310
631533769 216180621
298718295 720206205
31883855 303355254
1002175351 226827334
412697380 125193246
757020304 198392138
630475163 560565214
798050733 905505609
1048563225 950711947
297582726 569034474
124811546 776325965
370092187 927389666
707383080 584905414
468002508 686817566
118916323 546115135
214018170 277404772
960826989 4688485
651688918 854673634
1047501002 741362418
619513158 734696349
1047682887 607484883
225881882 853506108
1067195492 897333306
625880794 1006812617
558355172 346471923
889338831 1041369286
374025794 13270028
549200468 991055790
847876462 882216580
879434287 555254217
101082582 762226515
503236287 800881990
434656790 372682504
880450531 441977656
616822165 363824087
196854253 947380616
324587514 302892985
281762174 256283371
101834241 757592251
802514836 722007965
903295254 945790876
327231232 229923052
307615578 199008433
323630200 445342385
638140237 516529553
929302894 893711088
968252658 754797809
950408979 516240697
1004615220 817582616
914726269 629835677
442531938 935510307
585461967 229272119
371088377 186095087
199718733 203877184
186535613 658728666
795506091 1055877661
815496209 341640268
581297345 975564594
254330419 42972037
1016986699 8409864
958050289 316570804
940633041 422486165
602338178 273085624
836064739 61458488
867179915 905007299
420766594 895564563
595546855 955338154
739235779 907704117
16605109 549621225
833244088 1054655716
177386232 461445103
441513825 713385729
1052341255 289602735
610530465 834494458
938370403 508272406
972208736 422335872
47876185 459739032
792809147 139213053
693936555 932184662
462499593 1042732545
1009532945 627777074
1014912741 695045412
566609947 444172444
238647122 326650332
1050649670 986061626
438660703 938799273
920365505 994349241
355394942 40827042
137340076 340469481
646583999 53559226
765353796 1013749540
801998976 10538933
1008733642 206298482
353708823 529313766
881611587 631967934
747547176 983145881
993279689 984276034
18150009 407905801
271587419 368735415
676181943 871408327
432389963 737572160
1061431460 879503131
99369482 143995991
364147672 1051904196
603030580 284885173
37127097 664813510
619217799 532316877
400509538 908433136
674124272 826820777
1012442391 989169498
511143704 177174226
916021685 311715982
315172565 971948314
719014464 687829710
61892463 848724301
365843689 753989659
527441616 378038921
994050620 472304432
1022954411 657271035
566591445 6106640
355959986 944618360
925175235 1026476836
568927874 1020519512
124748906 689072925
579666805 635446160
791697878 374521860
521691265 109049193
569216735 397344115
833289456 894311119
146472252 185088786
418119757 265534428
500978344 562799721
917877069 491949332
1036932752 249204607
84215497 139210340
836050814 835549654
62973517 818513669
322116194 119018327
836806155 911674021
862825420 217304556
143737511 25707798
314330350 960485601
2479091 514163081
211502370 792038281
836249404 642831092
61985088 447218359
727079457 646972287
25773915 756360034
477833504 58226970
405170969 262838270
608739495 971821792
195387594 743078038
512039735 223920340
140637016 896249778
113718227 557690815
1048792910 986105355
432663666 1000190222
678692325 549295008
98574289 851344110
204110058 758029464
827912908 555226644
855861998 424349160
836710708 77887380
538039319 683712516
329720477 122126606
591545189 206008014
267696233 337524687
200824559 680604414
913721236 426638176
676695974 839889429
592153335 457759415
495639858 854643766
215636151 854651675
185869693 981227980
717100574 324831269
668048100 733348075
531466440 1041352742
131677045 195001749
781093655 194495606
1019422050 1015789430
585175889 587298395
424367984 992748992
1028390950 509457210
884861524 1062787970
710150672 156997210
786061912 388703512
488299019 390451264
303749941 419269049
945626380 244993859
505761677 542107689
486888494 160369089
848488614 231878718
680598625 365263860
719905461 243510433
61202662 514125368
187724970 1044912286
13376096 415140255
670102866 890240566
1047893090 712960360
753122729 110105982
251546979 379256597
583462415 268968200
844484892 1034140235
224048258 511209563
87470892 863031149
441165286 318031748
108007415 832603723
914620558 178498824
461928075 267786062
590456252 773854653
1003896176 608900886
188969251 388031692
305803526 902884520
292564940 670300142
704255179 386310627
35706053 812354172
720757093 61687870
682663962 897417311
1041494826 818311723
398191885 260613427
878472993 947522371
819917868 134418895
435755579 569155744
281698267 690690058
264566959 375286432
818199068 730078064
815033825 787719972
963826073 998129341
850858996 581250803
606198238 354482640
680074380 872956424
737874125 456357636
57798447 754180337
933620729 582510015
628899204 692813294
909115581 767429516
150034736 153046857
993165358 621881059
413926425 720628479
542013740 366375054
988907972 392508749
960758837 935724820
730237879 39026023
806322044 995138253
845402983 108290001
31675928 68711697
690091992 100647220
750448541 139248107
102104688 370782447
825724895 439616645
831849091 532551442
241684125 1039389135
856940552 213481775
141677653 704087985
3368350 33534037
469003279 49144809
1062506837 241446043
607444665 100621386
171557689 805823549
725010767 331230781
906092547 624406489
139988292 827536829
227481705 562449815
228225458 334750080
319073849 730443128
782480601 1045091273
789421514 942970643
175199501 721001875
62600331 927969759
984430062 713049447
198977533 1043194575
554272172 907784312
217593768 587944070
452168874 766834470
655163571 578673324
846102581 499858892
379708117 146197328
17874006 489808261
522282207 196579608
673583054 850121157
592548367 725721987
1050266772 977692534
138923660 311325980
160757011 1004871914
454047891 397452285
549574223 418704024
691928723 643974871
106160210 254953404
112235838 447623623
535567315 608252994
278617814 286264410
443790061 1024002032
710924894 580670907
487241854 380963062
906824686 580677289
252502200 299805254
766836250 172837783
723793666 988352771
955509444 409070342
225107873 788907416
972501887 977303182
286361077 413829537
623511977 447924825
359950142 751112215
208778505 542383190
314492351 135044275
331715864 745791786
788410204 498637346
591836920 452987925
923512719 91285143
