113771759 273634889
418755699 340787537
677302214 694124721
336701297 371415997
1039865911 415071318
285777725 651549591
1004096799 459670291
912424836 968463518
595564893 822347502
525744315 91407082
747405864 944486
609990822 201336634
635850167 385056801
758125433 767422971
412436615 695918832
321655147 227902717
473941840 645813442
535564129 332884869
913578533 239215045
766475731 399472363
755189634 689426085
832066801 266767936
624595307 972390242
1057302772 803227263
272373948 475632414
992176447 8357522
156104387 21011630
761213432 910585146
995229135 353240446
485912396 690912055
233756339 916235600
9569440 878212269
967939238 666699368
384980447 731311184
657665096 185747599
901572709 263796371
80987580 914665296
546315781 803174482
834279331 733804055
109267180 797958084
48746957 76929035
275415382 821407340
896103578 635095247
866831685 877234964
575983118 704031120
915911469 133909245
765745289 241429177
38051390 120942403
312302393 884405224
206892005 574756744
385040311 834100792
875439020 664842782
895374843 776211099
441025214 377962106
82161585 788236092
273338968 1049473217
849158234 505975755
134300048 543591103
789410748 32670621
491977125 558467873
980974777 400175842
10676401 32628693
788478632 468997006
234484317 996418404
938664853 882475556
495782419 131531347
639875038 476553152
31944968 43370924
1010649847 528641361
960568219 101869442
1013473013 201358962
944267644 870748513
309490503 684062409
748525818 436237559
511431236 205664761
518430656 789238547
551280486 299308445
238559602 591792003
702542305 1019091606
366202797 900947321
526356430 244578667
308189018 929559440
676939651 389624653
955890816 302794025
949856766 925172464
605409644 528446642
797695998 491723001
241818092 945091103
722129778 26032196
790628593 46412751
50674488 280440658
822388420 487349534
986446806 139977242
736481558 669400504
430802957 713776112
311992183 812762359
947043068 547695998
551671603 1006513579
304555493 935847853
512457648 49429117
990698127 981050680
560174197 745928571
788364185 1035656761
1053754897 1035589326
347543101 428504423
978626837 462745793
922529085 602006020
202190151 714447656
434404999 531938497
227588337 983224759
28369138 809591941
1024152528 415678239
783037328 736879079
824133713 989809704
934441156 252827742
354600555 334435880
526694173 200277600
807498724 40228236
273940355 309612183
542478992 219463905
398650176 586366161
844355584 674044172
998313347 881306271
1007317694 346387220
432702711 557685222
203359543 782363648
242805554 612070378
752796207 558521824
291735622 336405513
227771175 788163602
76385041 576641434
762709393 363063448
76974760 523744296
543786137 197452267
190189391 1037448341
948873909 258490776
1043595016 1463968
839883282 737056226
417575840 652964742
506262443 204732385
790633760 467762920
753741176 236371886
254703808 107959612
397106552 669457186
778547019 190006897
282991467 956137696
305136707 731828512
763948314 110756499
149882254 516624479
605898138 1026448501
285063750 53380978
245094110 98361166
572175180 243173744
665175013 751146448
646482076 66323878
431119294 275417232
496196618 320858069
1017051397 458069709
320800295 889872916
858183043 758985866
900562231 226007645
1043921520 126014577
411359199 597921966
231755737 88770341
708302248 361785165
105052678 573039598
308345255 545608590
504280319 171281296
736105649 656656800
590633513 110369387
259833108 761395912
343282846 1011759554
494193141 790991451
726495586 203156664
413489742 272967343
82694100 549336753
180304931 242846608
12115872 914482726
1004659379 765538029
522673372 210965934
902189450 361526645
254491382 686737370
22161333 274616863
343668232 1064897227
590098957 713515943
447359502 684016057
780772549 797632286
20530481 390810075
807981078 218536244
47929018 160982083
758609688 994880537
870376972 607855060
119138352 701080794
990379294 209842994
486019259 1017141046
491255683 42877749
1068361815 1059793255
326894567 482614014
506813565 60701822
803172269 830084234
476590947 961173295
116104350 1019454968
349587029 662810936
568307524 789603873
1034187442 422752055
704775003 428187289
647855868 786945272
724498279 44001828
914759851 612244595
927604187 224748999
725261232 311568550
637214025 118541870
333458272 956115630
424632922 871034624
899737409 533828940
969841807 614338988
686060182 166177289
828098019 618332248
624094878 654011571
932643099 204482481
539314878 887332139
37104084 887753464
35681667 389209706
379735774 659716296
455538942 102129587
1028581706 143217913
125039265 384878202
689367543 505268686
1063760714 85308017
867258846 119397956
302181135 733070056
442362769 973939646
843979048 365094371
179650591 67793728
149753950 892115981
625875423 1010200973
499533317 487201945
693768682 612049514
968327550 71499205
136180769 153625847
675646678 379862813
710990583 256114449
941950428 643864577
246291034 656753405
319111720 499573601
835421156 851251903
334084735 792952212
134266387 197403622
641240326 502163879
159464716 980483660
414926891 318838073
205987473 681423202
559700088 791260657
937824720 375595208
491104095 215463869
187079399 174890513
347012891 921636660
65788752 123944286
445856777 138079179
969389297 624864753
219522597 713349526
333997233 1352015
989690684 464514021
777707245 271550356
681588159 1031624294
442313434 342620439
420412132 196657293
629779179 1062137096
507102682 154513759
825454804 564673989
806551211 385379073
610188324 512897819
545953703 844526420
429846884 804233327
112531371 1026126275
578391991 975590853
251394293 209905128
105359979 191497656
297470669 880980744
1017708089 802566097
75165542 881839770
911243119 567690360
537392456 899428821
729757438 464304947
155486519 550653066
1023726228 584414428
326520490 552775911
269084035 902104036
994160624 353730386
796353221 16707677
714451471 752065446
817301689 564564692
696627098 984755371
645071250 334018186
428155033 905620218
114406601 280693897
494508399 391301652
480004927 735851801
981641025 71878806
70465999 292166272
779288053 691480569
167762600 214510681
18414484 167355552
469839797 319397663
158601910 59187451
189005693 148171120
215720152 583990508
383084111 640221956
381195742 215456212
332949385 309468251
507541391 562482350
190677227 695625448
347877691 854924437
25900665 968860382
408742389 793635134
263376417 113928321
477118430 733099856
157982058 324136994
496954666 240801231
80276676 14520933
1047556833 961364637
830749151 640458543
673144784 286265496
546474622 965617618
120610016 79757706
1011838262 863112888
697471509 356588489
249513495 661880412
914546644 247385048
385809793 999101887
641869273 454626245
341305239 679770268
684585870 907190081
122429515 234968290
393098097 708004634
654888332 914737991
749096995 442668522
6374757 185525346
595151154 235619435
245267491 530913287
630526911 293736892
62648458 395460895
1046258122 770827005
508509096 659186515
347313708 517937111
1017753204 636710285
378156980 517870256
393216160 729127927
869216537 429994454
889271534 846893392
820743 438207214
1067490455 575939378
479498904 446142820
69683048 84002448
160199737 680967739
75245940 1052895260
458493545 869738938
1013594986 250171377
916898477 750562154
106634079 739719710
402818074 741615766
596630835 591400942
1037511585 1056645720
716807991 695417846
211673465 272391233
48496015 233047471
855008521 437423503
2512965 801854172
414297760 398565473
236993903 447873596
249562515 697724889
215073646 307010041
128788861 76332012
229950782 544576437
1045057209 455997907
316936401 548536594
617716303 180241143
494436359 533872723
821193210 712848147
1063276703 733140672
501800155 226365208
1024135243 266140136
295473908 980704388
247180117 139706695
475051583 935504513
150182904 850486356
1030384036 502872418
450616399 924386163
62384653 860560659
561214131 279349237
444334792 451140827
786606896 770015723
525621978 360038042
872213849 1039738852
262005657 687904221
1059572198 695578494
422420976 555325812
478004222 56131668
127018270 931841935
160076247 385034948
728957680 47703883
757324121 888485558
516443204 397520588
187316332 1005377146
941305105 676413902
914324794 521807798
314789059 1056614235
771685593 864931210
992203170 700138207
993924685 721617058
270906387 416144142
269607373 211343749
855704585 375016321
852725035 622196215
756750444 19756642
727372624 389722183
444600993 1000667525
197036538 263791717
774733606 675843039
649235659 530722329
146994657 468643141
1002137194 674337582
817812772 282328797
739159664 320885828
609134513 29836760
723973016 166523756
735428735 948064377
588568593 416319744
962197593 3572803
489241808 778345483
407628965 779278043
231090417 917543077
484259014 199203512
981102579 848391057
690584289 321335353
704757207 66950544
518624648 43449347
394921115 862212411
823332048 962598037
615643368 186264299
35382546 423925556
258267576 1054290989
797017739 387631050
918832306 170706458
804835376 712175673
494749857 693912434
300672290 886169551
517336636 802575807
746042835 238984190
671312375 606159762
922560015 264042084
550987589 470886184
78008444 130934958
613870569 264354001
734680291 463303091
782619475 476395493
893901330 934251997
383468212 964860861
723011968 180939712
440450078 278983256
153870280 495421086
763648469 226132268
794592470 506490106
599906324 974614399
356722918 335437072
1042447913 660519793
93028435 380233953
681409694 938812656
14170658 826462546
234694103 323686522
41163588 1026983887
346258680 854656429
436645089 288051818
706601070 632665259
831395285 934526681
629613078 956744528
263649273 1042286068
876306523 83725394
822989289 310796934
213563973 742660392
214685607 476309460
732487044 408849281
940845968 668855114
720034498 435961382
596648913 597629454
389486677 345867233
167566003 133866477
664805520 404931169
416618038 624018136
494274115 151387113
616501071 446599214
768483757 859288316
19567773 44830372
675986393 707066903
905096695 202332016
237425763 861719579
743883512 637870512
946621109 492529338
106545297 916895298
326992724 755983114
752215101 372134405
501177786 188351597
372735849 422583736
282382663 465807233
508863465 716213626
890107790 907830220
805692505 408065566
283585708 806755253
146860258 769227025
935062429 587567345
809303929 72947780
448508519 137578830
105826486 945260221
707708784 196781239
1005164339 440860876
826810677 933801798
687048190 901810640
744774020 353775996
4329686 71793279
819860840 501208937
511189367 542043459
834415068 842183179
853255143 1038040211
321540623 864026817
327178428 287011936
890450347 1018105651
768142419 217572249
903787641 271537109
908818455 281862130
615208284 202981296
330620 819138111
224960018 150460045
1004975383 638505543
780312304 486836484
890165762 1051326236
943076602 674753854
795682243 554332703
951457051 323885689
707558230 159599899
787116622 675408367
33358856 347685532
182521101 297455852
562354839 405992597
161417674 2832128
808751874 817909768
482251517 746136552
404839364 986683596
45761599 369908311
819730040 88573481
986948590 389197647
505580160 380331476
1043948011 149487001
891797424 401914359
311766144 1066887040
158721210 92744533
900463789 953518699
975079514 298206480
473198688 806206457
538597123 747427398
687068968 218856704
909249293 212871892
736406230 926639176
112600379 429830803
815992666 1052030621
130425723 492781441
419529565 890672783
591751741 682138318
757727940 841823278
394170001 389939781
708103443 679582902
985473403 439551834
516041639 994182586
1060861887 141277037
259547173 184800263
734348838 142052210
625143038 152369002
416204324 821789185
327893089 7193339
246263581 241115729
522853639 260066006
914803878 443453851
739844731 615719236
342145528 255618187
186272839 416723310
991959449 727613228
525025879 448723935
146332063 215610875
307225830 114140033
60197171 928638809
611271627 649316169
639012379 173086630
848572157 616412404
359576989 919180484
157053930 486204225
133019285 837284102
635340560 902962778
915973504 66118263
513388631 437553580
235549046 1050119640
630792135 177678084
386006763 74258412
1040988935 753132790
606617003 409102151
338395257 797440898
607239441 666932578
110011220 897237476
44693576 908589654
490257805 905895178
529598925 161137494
610061500 748064321
1029283719 1043049860
805571364 913607703
373873374 856982556
451019502 687539476
863689510 674010898
273966762 250069876
157377247 645161611
827001815 486016509
128949017 489397467
93424962 867833874
134248837 359853808
618724007 945370462
1017918152 570940513
461425381 474340215
752124446 756696688
267255774 34027981
982625577 401109632
956446173 302380075
477709540 990915662
907608175 308348395
690940877 380138708
445908173 654945093
1035892379 667997737
155459149 563530848
392082737 875002279
80744848 258381521
63202317 360336043
829525697 368803606
615448708 464081025
577718257 867181667
615655209 546148957
748353686 565191301
440276118 713405057
855095483 1017222833
883755931 478918851
383381083 164352801
690865510 189163433
172374485 436559483
600601032 195002855
135245532 68412717
773746496 765678186
1023554507 1031944900
645753803 400829660
95198667 274447649
522769479 289070235
600998883 273978054
980705843 889579293
561651323 690271193
132094614 493986331
369673813 350771655
674226439 847804825
678889963 261785335
845854608 201112982
362967325 285561425
405958968 313061263
118977397 895710452
478582677 730316667
785627560 1051812669
589265367 567347082
493653655 869344933
872622712 861439260
295556003 351104900
299031862 793875229
929561693 646759849
229737442 770395940
645643228 522783808
761215447 901384296
414047221 688543904
624454493 465678064
971360804 196241214
644067966 1065491687
471493340 963119932
170344641 169790835
1013691589 981354941
261724601 311157490
762226921 288441943
361770360 1024248710
474505044 573107742
605223804 5049597
814961269 398523322
667022521 431737644
322330845 845803126
561418274 584216109
604474554 1002469705
910980816 223291336
84757664 895711770
30677020 60679123
703102816 326527071
552742181 535899774
967773681 352534414
141442539 481785854
753705717 869599377
14341068 779247025
890031843 74841673
1058131205 112511251
310920305 102190296
469327674 309329974
375065579 1018569871
736809192 877838100
138319062 1031140968
887872569 401053868
324275132 345900799
293813519 79638388
38966314 146331548
737942244 483280612
354464809 109023946
16941912 1004697632
960617758 47633847
732455511 1045346176
452372301 890773003
311879444 414390599
143820042 205296915
953780791 973579580
541327147 808154640
399744997 246399884
229092000 812747792
360881611 66089002
501734203 429447179
258674011 752953427
557456236 1066080610
612250430 1025577781
826775230 928034318
45892702 942963154
1057609317 829085976
640363069 773066874
988552679 230755371
914039615 115784711
695903543 995237295
366211431 993605495
842831918 530647619
757708026 181571772
340972840 36890724
937617873 399391930
881913879 85203575
1057334054 342225559
680157279 410165634
411122740 864461758
146299704 538206439
107281166 326690013
560030044 403379249
125128297 1003927828
819859882 845819297
409147756 66874112
921753109 313481338
54467309 479793798
360964610 380257776
752768383 223735674
302671244 1029027016
957672165 233836232
256776870 353438185
843581533 1046472852
221931352 728367897
491995688 328815219
246555852 9729043
822233607 826811061
603196690 167424746
640487273 675633406
811401482 106430286
440276400 558949823
513754123 923529438
818256461 761336084
186499381 746853359
905545821 707626496
375450172 461100828
460999154 93865598
583675821 927696014
355592838 303000669
630501362 136223789
116072848 89710820
788963465 162942999
530182457 237555292
116904382 148954035
961647932 5200602
807204061 684261323
670109169 553750741
72180574 152737949
672836454 388251736
555010148 411073075
872383109 999807357
128901265 871809223
38851463 623752880
992906672 605996471
76985849 589158224
216011084 894110065
1060335955 889084851
159944598 181301016
650472648 718001046
871776459 767680094
558474136 210887313
759189533 772112926
828560090 51521563
595151179 495351119
313703044 876521241
812560242 588388666
951423298 779988854
68226895 756027856
326302493 996162614
531183896 1053553414
1064012094 413360107
639854732 912992922
580031174 531199368
756023141 793451570
643794865 159548032
374086185 587176364
440060890 863733192
289924953 722755778
509305085 908328903
41604011 121333121
916020843 467294139
248705089 662989974
338287794 765525080
1012456037 221206748
479207676 207445378
305940927 55977833
726194047 652213724
112427245 184657449
518017580 604291110
988944568 306214629
544862256 391073038
204942423 47720793
27519754 718351056
719863754 35660320
874736785 654882090
288547352 740025360
391245955 676065906
628614140 657952676
221053986 79808983
13676775 309546534
292719075 56499929
194277301 119535587
89058990 889828730
1017663710 681821516
206187598 392864916
816857149 838933838
803503035 971910914
347712922 765548174
996224330 232287385
51305048 215038928
480060330 964153807
63667665 385140163
154644594 416407890
249368558 522203863
768890571 902848330
957394123 189625013
2576950 44668124
911463923 954929653
881445419 758159062
509362214 881029895
822669414 552014654
1027262040 972065846
153873527 959404285
866919881 1012767898
6133682 132019652
643488835 842589296
591010469 94710653
787507009 873578372
442709027 1007785958
732445513 280508931
1059515672 1066331222
652156768 405974520
822846693 861509183
692553263 420919473
16168833 285253547
758086761 612507307
829491537 340404798
229794125 735331953
914588900 253738789
970395560 698918613
214326747 644847528
723184599 825641571
894889477 962479680
243838164 269304868
342532254 594214894
9501344 770963771
242624966 952168358
691915708 287562958
1021501196 960213824
1000401764 675240432
535162350 216417364
914225988 33260183
776390490 954004513
966876674 352410022
65514824 197231776
1002695651 658713977
95074557 808947843
138029846 629913666
175216689 104721410
352273078 209767091
61951939 276513015
760999031 944600055
949366548 883620453
298417300 122038812
952416964 984698744
862287585 219315681
325460374 679807774
391725414 816900896
466277641 850746554
898540249 201862890
298619572 901015120
205811352 776471129
563630550 816104024
1061672190 308784037
770974246 1024533905
178589109 289650148
489909076 2388111
686488348 712139425
59999062 212899416
134772974 183106803
603135844 144932034
352913633 517913526
901785454 342105426
172914083 355331671
302100510 919733156
173443129 275003802
427971254 862919013
621375717 273093133
1013478664 567512557
916034787 207019028
104588605 136494241
485456971 836419961
688656288 944250831
563170283 710703124
676422703 982930996
233535767 836059637
803975661 345192367
969008648 993552296
243581678 983891390
26231944 955474496
834609679 653029346
187141044 96119793
518607089 83338644
919757941 637926777
599122699 605468537
852842752 1048435837
889069034 702108987
728399767 705178451
849104401 161152275
538376146 158748020
742281425 448554995
1016502172 757544029
376129500 284720795
291027888 881368208
231695239 884487427
150758178 1067906482
246569182 345241637
338814005 211329116
183644052 192960800
458542874 102497547
728479992 370366914
645708558 416129033
633253841 963172120
1019431882 502910886
536084945 655180964
327027342 399884608
696381158 622408547
256808392 352702672
840588390 579257989
61465571 835452990
744869857 710401039
872452100 61320398
795267187 773094733
317612653 781137010
197358356 363037565
778650293 365535914
1048594464 107608636
431347343 237522111
524628938 814489264
433662842 145532229
462877092 337543995
192637370 190264118
877199705 465337609
294801899 979388821
157289940 792021219
434708585 956941199
804921869 627621560
249882680 40324749
694700160 139187125
351268778 495913057
679110200 872251581
698638944 505882302
466732878 16445733
1044879771 117397190
811374435 233698530
117308669 1046695329
458857065 718368239
182427774 380590252
184702359 524262721
887606965 229677487
120876454 115646725
918612803 48492787
524022411 73832597
527243553 859992166
345506714 709894656
699127551 704826727
769822523 949457091
836624769 766582285
359794997 913269749
623156177 754581757
92827158 546006395
391653742 1038555589
678039055 218868015
911250076 395103485
944843786 339268413
1038323027 431491991
127562695 440106902
392682690 891710981
194360724 681643312
582829177 987167084
929703512 766960220
712127190 143610240
83195293 4697182
47469202 60891283
702204206 1035811545
712412468 6912870
539625654 238547150
185569063 752645372
363014785 143892026
1053013374 752476538
955708863 556620652
926172335 154202349
472967546 140741816
93344827 51743591
840967045 171714607
451919997 178515084
1062060788 447697437
738688132 156328482
305713602 134916088
959326279 643321635
747954223 896606164
857713621 215018746
908023708 789349087
180710498 423842714
416364205 846446472
132787016 675560226
381028736 942077088
976895444 575621161
475529810 210613342
761461815 465735750
391416723 28896553
1020900984 692156901
339640738 793283958
367609512 2899524
135517595 906687614
609046796 875304064
797431839 407543184
655654667 35559941
196504545 39765499
473414891 712668353
1068459851 154163710
782853573 197327026
1010213034 962508881
674083841 983395543
666741405 214293841
927092734 736650878
705367398 155262181
502738781 556728434
134958063 123656763
266737054 83918538
189115667 805228838
636031684 229573684
143024010 1064886302
112662901 305737763
802279320 833298608
531541847 49705557
285253276 916971907
466406953 400530084
257807340 291099418
267143094 532839580
676543230 169634799
353251650 467294335
743506760 591873510
359374196 651435747
955251529 763100805
182615721 511043165
1061148321 234371051
1066157982 290321092
550033116 446850740
904328369 690017630
168007521 287230683
769510636 292870690
911495242 534255790
894329757 143027422
928442310 726804557
758226934 453639674
91097341 921587363
276170753 591152812
671404447 874038483
340656524 720887308
576761911 234272046
266722655 877965359
249479015 274520675
92888568 789438267
359454382 216006437
60272160 393882436
359997542 876934473
570247718 687074696
930148969 326872155
911660773 219380194
727692031 501785806
70896711 811196228
325137678 169290691
225030398 952441602
650847887 299705808
570999444 963520867
528137635 912828193
200405658 872864503
528701167 772607478
1021818061 280635156
783771449 1055810798
670574461 558135591
63867773 203110263
450047270 43742660
982039153 674145830
415191182 1027899788
710523336 147959800
201833344 230684828
404330493 137374692
838164069 326620162
38778657 22852960
1038184224 1021828402
968862868 98590889
116560493 694959112
614730762 1044929672
411651644 189149673
773082476 439654738
301567846 804058472
421153247 990815722
134656934 487536860
539919328 941680921
787134724 56993185
401861448 22441847
309087571 877474402
599935004 1065930279
472481306 775944112
384384794 189623168
122442786 6076047
723784390 781199898
835514651 581476661
833597405 1052222047
431987845 1018623653
1024529720 1013985482
244509836 639329226
458833476 587068020
559527938 104861736
819536262 288502895
928585388 805076455
285056377 405864875
519289501 969951962
1024960622 888956179
88332492 652270149
700973820 640331601
234596209 719748718
428929348 123958508
965633792 488564800
313436335 179106597
778151583 874716883
546284683 28619635
75404094 243376067
1018389412 1022750356
434680215 793287556
895080491 307996130
870017616 672976457
516721445 877009832
422138573 565434390
119808207 707741763
896047432 381212386
192815260 187393715
838394368 597315431
758960687 211733033
609541853 504050231
163829593 931932368
375335693 308444462
415834576 854482349
29038359 752323331
1060717800 691982298
765504250 199878932
345332788 1057843736
529436132 50023717
1038428513 474350008
728271260 630629795
877203181 6935583
468580073 173177244
366076249 623469582
217394596 379338860
5512932 449705771
874432959 177891170
408448232 531962404
237815704 154491985
1538554 247666343
237738254 990215127
299373048 944408173
86337925 61083604
969941473 445605833
34134202 399629578
856568712 536031216
614901646 741584747
936650436 40277481
687040747 104074641
244357767 30877015
558933884 745319089
811139899 426633915
860178477 116719427
492083487 398528409
753349099 67299591
503270619 649273052
620785991 638886379
1055318257 339731906
790203464 784987781
774153275 236436416
920777929 499490690
1030879751 626669569
889574632 485425343
156950054 285887606
903573734 548342575
337027103 852008126
529685160 262914316
681090338 668743041
230860496 991540563
411865244 132660941
341366083 532034616
140946527 480862229
137203328 782794935
33372764 255741705
324366552 202045142
1034844887 1051963888
997277372 459933443
740722820 169541070
890464216 543205016
731632533 152550106
179930400 186542445
1047187427 226280942
415008275 1002124209
761809772 165433826
986678736 969590693
575240006 1054307141
95423240 70933066
1020054298 947701631
138584138 975710487
100064630 512405015
740622587 338399544
918442201 54789614
622286677 443602
633559623 596532316
303547177 1015268438
852369932 232751929
548433916 1026769767
251910479 26905026
876232229 482273545
737447394 948897966
701751899 1037429839
96356798 931543180
540725192 687942431
712508274 510923113
256598376 650258849
902869168 917522800
267905543 102568770
224621086 691592391
87689132 632851422
955242410 1026731018
969070767 79119347
537554609 956827444
456116739 443263148
9027255 306699299
540673100 546096321
88455732 754885529
421034245 703147399
641142463 93943663
1046014725 955839863
197489694 973235875
495987452 335136704
245471859 716254753
950741864 982795753
99499942 421048468
179105295 1045826729
563191721 205487993
177616344 288664000
510031995 935210573
969768769 457463534
34632062 975237779
527142400 887672729
694752564 490244112
202891725 228536953
477489513 588987683
814072950 519780192
5730095 575636953
380137923 347013202
456062477 899432169
499003440 765388515
432514632 394972489
579543192 478267047
818862468 874198897
154675631 794965471
1023418153 273847186
9757336 403773409
518368951 435654093
905842530 985759730
598477619 255453657
610310876 473953877
442429155 931334220
218083333 702814424
102152057 567298185
735113493 703624956
886925207 634116001
54101767 316288395
757485547 698798768
876494363 938273220
595081319 237771269
1066640553 246157462
18340511 643582628
885974596 42977815
151668684 402985752
889323578 629693197
444777906 279745929
304932222 210604832
940573791 160624504
719014493 315725134
750987837 215340207
692330879 153600360
17287343 862501199
540549062 876341946
486083993 219278193
639338058 1065818565
546936085 144162405
776597113 601659973
412362864 86076251
414084337 1043996351
1045872704 556462068
842461200 168186628
758387607 553331596
150486828 992627367
1003758836 232670797
636369359 968513831
451462343 988726564
844029049 112076437
107332466 939198027
925377983 504213060
763288193 815089742
979876949 920812835
694455413 133653942
412255593 1015449245
598177107 620307301
537223988 726074214
922771318 432128523
929929279 373474274
881295333 799437569
767911470 69329043
222104428 700403868
253981486 100277095
141244543 159175654
1048681877 345164588
480179374 310499166
532486863 922774944
940407404 882938270
301224089 211008956
968373110 1060514154
929765326 316684215
619586459 179560908
118811606 735242210
1049396886 487031665
955672596 1065311817
624031411 532624455
386366344 806948912
743473279 259111016
518771965 1009594142
37575077 74299473
728963907 436908078
743963677 258478128
1010884365 851393807
796631420 768459836
1005801133 812880992
903804932 377370397
170532921 554367302
8786449 935478506
327586862 874078837
312392225 76575307
554235303 303183992
83113923 740134083
84284822 447335213
356664557 884739866
12706795 180383126
1029081983 241707195
1046471188 30763810
913939957 170356247
551761408 31494096
821861175 1006380211
378000194 614727863
515100252 932424844
788284213 80456419
539657803 930341426
56232049 140289153
603793452 522340452
152241565 226332588
718396931 594111074
104885007 693143095
130767636 867719888
663263100 832132214
275807790 456135778
1012276898 270190827
547061058 958495302
753522011 831631154
885303443 444403131
500744270 986220430
858808819 654026396
584569661 406668915
118749010 939736154
111506652 803605566
769028295 661436264
156336110 1056444158
600364583 408580731
374317191 968812849
727706463 699691216
50838320 85232590
536366725 477047105
13590805 287692985
175700678 799607117
902892899 815584182
498794310 902668733
933514154 148882557
162517471 745121011
208088631 401256448
325007731 17213906
943547005 58902490
587314438 18070889
587999288 893540799
717773531 1030536185
98320059 254410163
881623442 769401427
120985668 926120543
849720233 829139580
317126159 394277831
223161741 426429730
866648024 718761374
907751519 240762495
900023401 272310865
358212092 800495154
930111277 733480748
366482161 623510398
37655150 723892584
838700745 226996124
374609140 743809624
887552341 334095806
923298247 149444608
57934840 182088013
696623889 52616559
987091122 398428735
1066223285 1024412961
396675383 589367993
573817214 459953588
770398689 625672743
122766244 371636713
452929090 621049644
256199931 192069036
113078425 514485723
647306460 94235247
564560545 149391175
358039185 1048437032
433614620 709408084
40148359 468371303
766613606 162758615
172677418 135620395
53535969 909422834
310876181 7728510
931045992 91712404
930788867 778779733
76296894 455714232
836512860 866955245
946126190 728366055
640317955 999896445
473244174 1026679258
40115946 150335197
518235846 1008006020
450845309 513359865
124067676 449433488
892451144 458806254
40456451 71667495
424017023 267454872
715580198 981717442
493244087 936952699
259557097 596633120
778197461 247606571
25398525 923549394
475942969 784781403
9884140 217084472
379237831 8107279
132228334 206051633
1048941111 47006929
130898481 115909534
66905747 622617648
928150424 427619422
748102125 174331987
143930114 791229112
607167862 239282966
401328396 87227848
605378237 900946688
126948 1004407563
792073755 940725875
884970490 748153971
318446002 470603835
394352437 135135008
815466640 351275815
829384350 705337213
553066315 209955560
786247772 857972470
279582 187239841
803612541 839562616
280328949 757715575
781086864 321606050
952282313 96458349
117023646 335243590
719023505 736568680
49257410 756312664
947694859 246151309
715870913 78145692
850874584 536198361
293485273 801045733
205119085 482210630
579163895 990991128
429428813 541239955
438348385 760145633
296591968 266348098
6916041 1060409205
308668942 362165001
60020474 270105136
847980691 715362819
814911515 63074278
984942204 250592738
573207152 798404936
86688527 694288729
367689635 40551512
441397267 1062817064
737879442 297605683
940389905 580557512
400022763 702414149
243998537 412581573
632040573 996954931
639106902 883236549
495643618 403332288
514021299 739888036
584754077 487106070
217332634 373451077
899531395 629330615
1025725583 317626809
923226351 696963043
168995583 119205757
583648415 861309742
452198610 991917154
962458207 448417452
125432622 747969867
738008785 302276643
343956776 699004212
22146386 993791010
534140900 932619809
1053371675 599223218
318700918 207381064
7726349 995528524
694265693 974574386
490781446 12639453
511513510 124000540
757302170 116052598
106864840 675411435
794230125 377772786
406574923 456005797
523919782 741810393
954558474 968290765
49444331 198385337
792179512 13740691
694796791 186293480
96898414 240099768
326729307 401608310
655635334 606220340
1245514 70803620
411360191 300877689
897001871 67560456
779537344 580853322
843353054 199377178
68185389 827600765
1048781348 402207419
913509097 213056727
972853542 328187897
985053734 23129622
836413826 131838945
127874990 913713695
296853878 989652370
782147142 213686727
692819644 805389699
50859624 590025906
130862919 204552427
128752030 84365951
884056805 779817760
606484958 6274783
715563311 559704492
803534387 446853894
260660204 701141732
721993148 1063837523
1004296131 612115000
963892430 126304206
544171808 825051166
227670773 812691368
94639893 518910637
929307747 506903998
1010747697 90985912
135796685 848299382
258013959 114179142
264189066 610508546
164322881 431057355
523090256 176771283
959161183 42078694
97549502 238662651
786798904 762864323
859160618 255382382
1028191861 264803436
228599003 796537962
603967372 142756606
883110900 742759627
520739521 96245446
1054538999 539301752
237554665 42629455
1045786410 962096436
458351959 846697118
447807747 1066640577
55084542 649887017
1059915121 249947664
535606933 871679567
425940775 272749496
1036702676 818731851
545436657 517970197
478670800 812771963
421961210 393900691
952696075 787079430
353395786 824480833
71550014 450654577
692510322 969821572
492678708 443061659
411392026 461603828
433360011 850657145
254282447 228124526
886154145 938047682
433024627 633684146
831888292 829974925
773014605 953315419
1042836626 455146786
594877245 387071216
134174120 16605279
364411201 982357595
736423341 924185189
863713126 220470646
1005659931 234844139
980693334 866246726
18955170 319837960
991203236 180076967
841779224 133538829
828406414 615691453
306712342 42371616
1004699151 703333461
983416371 940845790
244474617 921882244
135182730 625543033
694763929 977149926
1015492956 169760032
440015506 656484620
152875267 709524802
678329122 57004873
1032967443 763355632
547120836 113818164
69024576 984194207
1065301133 119991736
265665866 949767386
1043694512 318748672
212195539 256127914
505280506 440057534
281622129 754907604
720016641 1032383146
159647734 647082547
881260234 290514764
711535556 866999696
534170823 800160982
29699184 365935759
647557258 570304449
934518005 431609565
642866973 90335332
416997174 418116036
120377147 550460857
750799309 835826339
324541213 183233081
93653929 1004383154
926390089 440223461
273403482 802187263
968362620 605198988
862356865 364053788
868748309 945471674
80126336 457275389
47087786 905755259
355453132 744076722
725504760 896945160
189649381 509660012
187885441 46361062
55274064 970809764
929769874 355269758
840463015 97483789
287588613 522238572
854412953 103023947
188027834 1004123501
606581986 586330421
810470686 254079425
671944065 649483499
130882240 794742875
781735422 382093651
906134191 455207800
250597751 346407794
494502347 165482475
82131045 506887577
1055812788 777705918
77057198 937631533
770649579 402875728
949753885 850847994
864118424 680821514
162505863 147934428
1199525 1009118495
457938954 669866301
589323420 242767419
649816723 952466926
145646555 377961995
834992314 993674686
599733796 1036672352
417218455 786861533
820499707 638862663
858920635 373118235
83179601 1061783377
465928793 609959148
292784193 737536768
551667696 778597765
873031848 1052836124
488198501 189049367
1013414858 659443907
857863382 321776005
683268799 1050674117
925264909 390943617
878876512 746327961
272836214 763391182
267091450 1016267246
341791399 817227209
615010843 952575629
547329144 626974749
548300801 767411422
69461409 755679351
606255983 922284654
1007980513 323067619
926540345 989509746
951774880 336842975
1003919521 7352416
210577268 175747207
372356398 663817574
634021965 656895776
1052239551 404405395
165799310 395695100
878692877 711971856
992807234 686648219
616346339 403451307
702046937 794728589
952870372 604145659
688901995 478898263
694656580 596300047
68261856 345496658
652483448 471672407
838221844 623230903
144173199 547506306
785877138 89411569
411378587 1115848
659034808 558980556
325496873 856191136
665219011 879688325
146851258 377207535
100471297 879468349
680525413 544873216
60279837 940520312
561919586 739074348
99019490 181823275
661545123 174591701
413316753 255332666
88452915 742700652
317605015 672652214
23417628 907227710
1030356893 122939649
744444925 340688343
898004871 161368562
24629618 542303334
145170853 61017918
438191631 911005733
908505477 560735221
148972180 339399202
754284318 460910705
514353973 866607236
268871591 888519737
380244781 27767698
149961767 92984464
807894777 214931691
206273235 560274911
320022340 156806354
484757328 511627512
384079390 495321366
229388542 291849530
391679983 403195235
476120439 187559674
827131939 534189287
677562183 112302412
764982295 831294973
948127405 136303244
790622125 972215427
730619092 894907115
892133989 714263803
292550524 540498569
249258401 29686569
16114452 923917519
776775578 208105997
823776853 1048642229
606248871 135606601
271245632 549685599
459210637 1000696711
31093694 105863229
642896809 711819520
244586377 338184350
865056769 491921993
893894088 654127234
394178938 572845877
434895106 750304904
549948077 74448192
449431229 707474066
344679859 11157157
417544862 173937066
779855438 598130334
260734329 683214933
555220407 1004257901
993513171 891109818
976306319 656722895
418225511 125793305
327731170 699581427
400109221 685579664
754880102 412108494
260890939 85508719
225156495 146365399
595068634 651561981
195619412 734844382
509646415 482740592
941912962 340177204
1010675405 902234302
615168113 617030694
379488237 845721537
239550582 427306808
664322341 346650741
232530655 405689016
861120947 234394679
633270134 576673714
334473950 480634528
441848669 508324429
1043078975 32881861
96906092 843755270
656747397 734746778
775190627 774863113
182462665 1022821445
307772954 610197564
408412594 87877745
841664596 593828081
855221814 108148452
710447624 499265817
980970872 434524512
293306980 372374925
720883469 578335916
823946678 371333984
758966196 203680747
181779276 74681639
864085703 525867840
584444318 537214207
667424510 352563708
760341978 566453686
723205209 360878861
482118037 843038391
475512537 10463912
298079669 904508627
292537861 676622661
353680710 921478798
321944509 702761683
831557506 906893880
11389188 306677880
933346150 926016730
962315115 484043681
959210346 160086676
425918276 793424750
483825655 55733322
264997384 280306182
289054170 202029323
246779367 635180111
340584646 550940459
41775006 59521062
747466983 841107030
224257691 229085108
122161372 413581442
806563896 311109231
1026786172 294826444
725411560 1054607995
54089164 1048475236
1053214802 637925351
730601287 701238396
1068238027 640794836
241866727 868618495
180514562 810427059
1053805743 1051648720
964060486 706735865
853229965 969146260
60098074 93045774
677186301 437146892
919886197 1005577528
235854614 506374057
16310754 630993086
838294149 551235517
356504821 683102330
304388652 273434053
200493843 385038403
787913163 819277397
570226516 249304426
925047349 499376120
133629674 424505742
456253803 898249960
751902173 697810938
297255 937740928
658302220 893288834
791201759 521599260
1022407105 379135076
380310395 871214108
1004869605 65409651
779990343 445971462
13437065 373389128
586933336 901050154
167546734 939158845
857778444 583637864
267249191 970931588
167515033 21125180
341020461 171967486
1021032192 83482798
84549485 869791118
343223003 974186080
196539078 174961117
652132427 967667960
980689071 62197518
645607779 7649502
776421086 130167290
164866760 906947479
209318744 87750524
557140603 214160031
486156163 585789772
189316133 266885737
721249513 89960087
905498517 706031783
323637832 373222446
639948395 374038648
11169869 741598537
428640054 120344878
415125627 631786093
527656055 234870953
707864869 956327272
622433237 596183498
567883399 37206122
931987814 726082302
29342816 778464031
613517453 24052943
970170289 317181247
408460181 91303818
421195054 264946182
784756488 330354577
603151741 923463078
553077825 130840398
167958257 751926018
177237202 869697939
470477529 668132636
969198589 613533256
962029270 995261431
976849520 1041167109
430744874 552147171
538099350 219706243
470050147 29896889
986574476 177673799
704342131 761460710
97363140 420247203
776076793 468380887
406878465 204736014
1005540370 387102972
496311114 559827814
1014618557 908896346
143602680 954024985
944816722 822018028
894686460 999506820
17985784 730897170
491598796 1002388467
505946770 171100471
5345451 139570623
283041666 1021722247
320104179 237196366
778236184 356643217
645075491 417832052
254439093 218128790
481772768 319280865
904917736 187906742
300813040 673381321
988456373 494304068
712761018 673785885
471496726 166886986
1013483117 1058515399
168479958 1045608689
938040419 1015859511
951357519 563106765
290130999 930249140
578148253 684988452
1022361714 149658989
412002052 513653272
276608158 64369698
1012607703 331331554
994112655 1022763205
458277118 523778035
248220106 87877176
495610154 816406327
567328283 596824121
9028629 393939786
152570590 76967862
678945170 979667151
552314332 728514283
227523652 442157920
81587834 330555493
168261851 319931863
85988792 142268947
657160092 132108865
516427702 701593324
51594989 199956788
906784788 314607236
457904571 830032615
661920445 137518602
1050099614 726870400
367334657 610072754
1059368506 915191309
752319399 310281526
