481374163 978829702
507504914 454533065
785985251 986426060
581966782 377329938
140087432 767460039
119438892 963014197
245571692 470389970
348763532 172889762
876342936 1068147433
587789210 511379874
64100907 823679501
418421539 192442083
531739236 242647295
272068652 224469387
281970726 455513858
95395744 1026080413
260787442 758903543
666756706 135867648
1010764703 500865798
920295379 186866201
586533841 477967126
723054065 1043451976
54684148 547485787
802492229 465082188
405891316 527857646
241401974 767934001
77558543 704904274
318917551 916339227
978746084 829706306
928611870 655379733
317406831 562350456
820652130 217893736
789841784 394064895
728973506 849791720
1010077935 338910387
777317700 471239958
798685426 970872302
315330271 522692880
710263111 892168376
809045244 734032802
119920230 294309217
291816859 871351840
1028154899 636111078
548805565 763642968
553421729 378108155
1056856199 339498990
877072349 455139127
252423327 236162193
334438374 264913650
662194623 705858665
925954532 122883728
793453380 788101242
1051028536 758923370
262993910 332652072
858000442 931885338
1017135806 268398869
285317492 800356194
569842578 3954923
247410233 1002946530
408545976 53100772
870296952 35470819
557935511 985011356
361704818 149559370
708307717 426904399
799803487 170983674
516228665 714565157
1036076354 8871580
642444547 866176121
472648216 3697065
694778673 595702897
840067794 18049061
34808704 48689660
678669933 922983680
635687287 735294145
759737142 611068074
881309585 646138855
474195270 859047509
944232803 147005801
706319377 463570615
341690105 620167325
366235554 538570942
585777055 587997030
973640519 988860460
682418409 713765616
878890733 170106057
154383390 935628286
900925054 370363994
994244006 812972383
778790266 400667331
1045073442 819239641
865266925 710182056
126186528 112417689
1013317812 218832627
524253043 783055933
230505417 842331722
641865269 15165452
599439155 924370671
1057829423 296621446
443693373 255066640
562619575 604817741
759866349 1030084324
1041352366 126316405
110372359 119839697
880454071 867753321
10547895 272789043
28278510 518534073
83172975 712133021
633905696 592694704
618773791 105370885
945438067 97586412
908924698 851408366
468766871 367800134
1004636844 120739198
533250365 615880735
225775958 444904785
1051133008 751424681
954483234 576661279
311046598 642971689
95547627 92694233
839602961 405153313
647325183 770845721
688501297 120950588
772710828 861417898
274763141 224813882
542785797 357366542
165555937 187380656
865294604 113547411
191217425 301007423
116437572 53640439
800915460 966053150
463551348 408467864
729911523 971646896
392025862 319130940
414654639 71087804
359210901 499620020
405056723 459981906
329560664 545445933
668487344 1056676078
597500978 186772175
540393610 487082576
497652036 869076845
185262915 782290073
602990794 943016620
647074933 352627861
553624026 797682426
138717081 881965955
269967626 85086380
799277931 355560836
660940413 275495761
39186439 781460367
850709211 498996466
539849795 280413277
914828277 763135922
1036715192 481422421
161633051 592255864
1039224943 661910003
267368725 273851090
1059529154 569405258
410708202 623048831
647118101 798653431
544502051 321178893
930278664 470497968
343353243 786445331
1012797412 603172363
1047473053 374536368
1014180648 810612298
527537060 190869178
896662427 72823056
673402618 499007792
989736793 758623116
772652627 724520262
190733889 155761927
57291840 208644589
626079249 40372124
840285594 985726405
383046456 730506993
473127439 134326286
603967516 133524657
655975790 1006678037
1046285068 319229793
474398308 649420062
82241265 600184677
458563850 145423590
952620979 573173178
646264932 220399894
578931356 535452364
469798759 781907334
191732137 137604604
48613588 1054027355
61021282 754206896
85700353 174200101
138479763 312437268
1045705083 360807836
603913435 656037820
472763379 763232174
655347100 841094083
318994395 251626787
540149344 755007232
656123787 742613743
801840582 533990514
680652233 69301752
971754878 278790955
561932899 368817063
338283834 23393933
688846675 582408793
661397083 27692290
232616854 261824446
585886268 676523688
464302479 234412157
937817133 104955140
359354304 664702997
1026131908 158954006
818338338 64429863
488323251 1048034968
224148217 457270672
789579277 124334255
146210522 481052532
194945210 669406559
332363692 47896238
766793522 850380305
653306069 474053564
770540765 810201966
918575501 493799953
433844330 487700319
645743397 410045121
181960588 657059327
628921851 225578684
873545126 571906925
404654191 593844615
863097780 166333830
980586768 479885046
445321063 303926230
339560286 246348961
97897055 898493763
890789077 791310310
641307846 280791049
532492135 327113650
267647006 79042064
664887087 764925703
310507586 936109454
197580664 710425617
758701357 133849970
558659750 397099575
668768672 18742122
141010041 508880057
40714132 677102867
389592995 842077903
673919747 256654091
163975520 61676648
131426440 939690355
31320275 1004416834
8911 657393451
416544510 343413656
389520455 49728516
205257219 1067761330
234000965 29935142
899550204 157493727
477095034 614541653
51418468 729002282
61346434 887469963
539776991 798458324
465333689 660606153
403485462 816315928
213708234 287970125
187189088 787443399
352452017 426775531
821075900 32220179
746725377 924000890
24865394 847171685
420346780 676884405
428654388 322055274
886746809 774411778
933289816 784500320
604476718 201577979
72670607 277644827
977028715 581620376
558051520 620757454
406011356 608025838
608513301 964346901
428806294 672767494
995725888 253745193
391607822 84593200
791938120 409141683
301304423 520237989
754554354 475629768
912308371 226263365
776620809 711845722
345909072 66417490
796219165 592016651
698293111 123046245
542134855 383147322
769523234 661186816
163881116 687366723
574210998 105701279
984307650 84609019
885765810 182226673
260051502 907340801
96330853 898066062
426936152 67146751
874667971 861838340
784016539 332296880
829265887 407964897
963233867 37118785
273781731 937147547
495176104 155862534
153877095 754936871
867680504 705045995
121735258 657027574
247339706 659541942
119537049 278845435
948141080 107967065
260837579 636470146
1055900439 135947348
43420846 440334238
642081577 665137796
873338958 171981415
887934834 210432852
317314421 1044822739
327704700 373591802
947204538 652373888
547405121 571768599
826814682 828626021
671216941 577801644
32807831 546634362
854736540 1041051007
506215362 103621306
235939623 895471437
514730466 393079963
392563976 100954951
794665552 649307323
788414809 990585372
1023227713 286613986
633645227 103428576
278608539 962429272
279836527 514810321
886862160 202092067
210661464 652400757
831532788 391144578
758801668 993378370
349744966 119951105
355146517 406671812
633426218 349781917
121559164 69923973
558279125 585063556
519190687 613537946
925340427 720330288
576556611 211709518
992439717 694422274
776430556 981107310
514806567 987897530
773234042 122457034
937812079 345583473
605255817 831016318
200568400 439900862
594352224 1027222252
104435802 151976750
38728716 537461090
970841716 42084189
178680715 995343523
634966892 986110586
345572844 794060236
762824006 589424619
391214862 647739579
807790045 131321686
117071143 271541480
644418612 736192701
339485932 698677362
366047509 697362526
568728908 377162414
300957578 682086660
854857857 125205846
699310756 561659769
284584181 216851795
71219598 1064381708
312731658 1419412
379162719 428534278
492897778 493597003
326714801 442626665
386385876 190347520
63717559 907511653
318711929 309706723
367573607 63541111
973910704 1047046247
642844635 323372009
328379351 594714175
1060950448 237219432
619652307 159897596
1009017526 158347612
927177617 281857706
610686270 415515903
837274351 198921705
749894687 544601964
301595267 378114048
269433181 269115283
772168873 833892688
909754873 744343645
637203287 793032799
645132786 682177421
714283163 768156762
125218238 854865364
229167804 201868647
295678148 552288152
545476948 40871733
1060926941 742076331
59652717 870021474
784622815 576931603
74933073 857745031
321286246 538439579
105942743 16645815
280797652 453841396
215800258 187891682
103730056 81395844
180537094 1005683206
168675723 192076353
563108429 1039034956
573923753 549650934
131570911 775050140
1008201587 1037777055
199102032 671301583
101236082 999143486
1058394193 438263028
458637714 375044530
233089585 219136868
653856182 971166728
387202608 465785447
420502063 83603820
482511063 745825739
751318764 645366124
189765162 485060866
578493544 15862489
752424995 542278307
477743908 204748408
766316295 672728181
877680428 472824610
735088778 557275613
439492675 254790922
723774562 894199181
408876720 613118645
455393171 698346607
349655680 140542122
155224579 30405599
944304487 73378942
829893194 983935244
1045321259 136305605
1000421275 687967425
968604340 548226729
541201802 173818314
743992707 12714780
821419712 220256754
999726495 205486295
290698401 285490031
95428992 983728043
616264138 85971629
602325436 681475806
797071600 772068633
954736774 209371062
894344981 912450205
966584133 317536005
1005551329 833623815
1006749519 976628938
449379766 785105902
331445951 292801525
772228434 122164119
686156710 69536296
427694473 649062840
326915360 497195860
580529585 720495666
524475388 523154460
429707833 739353428
512747048 125201277
628331201 147609708
226040488 1062104857
375948482 184727626
689407430 119821687
799717453 622179059
792259307 262242006
661868223 905674398
92032627 986299843
899356482 1065289122
1052479716 931876802
98192397 131634651
290209483 175185867
485343375 601055022
264394502 293922504
1056188869 973800016
527152419 100945078
831511304 383034379
488293918 715823892
120280534 777243738
308675170 467547818
335796166 1052543993
391235953 875207400
28439079 1029570632
358242330 560897154
888417686 921181169
892294073 177690675
268247138 7410383
333942567 28885651
349706596 45859542
252940828 654375423
365757513 85745031
642416495 522660215
637514770 737696223
312090676 670249672
96303642 778374556
893567524 173051533
364866998 348476068
411696944 11264443
828058690 671434868
863570018 655131551
369015065 659398875
134592235 779876607
770384465 106574962
690225546 358750392
167541659 332434147
446699549 724275233
266899207 99422867
327513649 1057374149
313778657 908467836
32035854 276270355
54364827 679641033
955961349 546036882
185223879 466504081
342942606 513799956
843739621 431452655
101286013 995642672
285717979 343710897
261221151 375892775
65265579 496505597
645825930 905199797
573701753 299488457
317521963 1012395554
717758268 13513036
34872667 546486576
930458503 593874476
113996322 53781234
419157714 904654797
975910410 827883156
430590535 496398372
70293673 276584369
805043316 684369507
47729411 7004088
994755970 671047168
642781803 639321315
585474141 785457848
516225095 551423341
983135534 412563935
283668227 699405221
478595225 1036611732
1012540686 850973605
671284380 738952586
106251852 472338865
612626588 528248840
134018164 254484565
336564072 325750568
593541130 317608297
317887122 661241150
786073819 496522032
943448734 781587482
379333664 438275990
176178797 389425739
339847216 499828211
513413960 405268503
639546165 363904738
538321134 222361152
134229890 189907349
200396040 467268996
908354130 761236022
573844472 892537108
796209124 164387789
239805783 186742663
888852380 998750979
297640773 445308864
726301420 288126464
20933418 72554417
63883441 73572406
135000570 608803915
1021443353 461478440
368775109 189616918
211061904 930013567
1016212546 545700632
556410103 371961547
745948961 805125893
14898176 90799449
204678311 896937204
1038074073 135253648
338291431 694407277
795482347 161031432
266775545 263991236
738857360 854808053
89036309 983779369
365072970 561522704
369883704 410776145
596446134 729444035
973231798 796719234
827669605 1040385482
597304650 36791897
789481180 134618203
771025430 83740068
219650766 985397001
746325379 307841873
1032640054 39156506
898417601 853820300
573932408 278875346
910379545 1024732122
324818046 790970592
622828649 474082028
683001068 666787892
312323384 905963373
999793495 541918376
50506045 194366371
736520380 97256696
515343739 879752154
520834313 268365218
197999436 179764555
729026908 517817240
998775329 592554071
593949435 312827032
122843773 352844499
690358388 702287362
907379195 605206202
746278897 588277341
682215636 88183400
907234144 707744919
37267189 881362607
449007155 54006786
594496193 126417288
806015416 514675626
908563409 849171428
394137855 323727417
1129566 417588636
705984044 381757943
569958613 835049523
920074096 637028359
25629084 227317307
1030822633 300968126
598396592 935314165
774381917 905413217
206556472 451754505
427021966 574802596
384895619 730276538
45049308 734797180
635676815 488339077
621853118 996457213
16107695 501392784
998581914 678557754
390122008 958708876
318376831 349005268
3273199 308207973
251638414 432173032
274949442 658425541
869049341 302597837
262106329 388253677
534847389 881725966
699572542 379162736
348414692 805561364
980232775 182891610
387007055 936715612
535906539 169441234
47206520 520842173
710780946 752959800
197052465 661843722
904239275 705302200
998804957 727299941
429277210 782955554
589018551 115351131
571509418 729278993
774612436 13597984
330017141 418194845
236596930 638039730
378738472 794828431
139258464 50645306
616097077 679925983
210907824 738035262
559128728 408748823
577446999 240054103
122810600 472975212
163699502 360611199
775601500 47097977
804541901 502217585
627767509 880330768
576231066 336821225
858926431 1029209460
786420724 940313412
593259816 296361203
929394871 570863658
472444733 969361663
395934651 569220744
768382425 471958413
463772454 1047673075
280941519 244271441
1028905443 178125124
716356825 60702940
210827482 839530762
570688611 456170627
665475714 227456167
933133291 436373658
137673340 808574893
571219861 168877006
739852055 581225279
641016604 779917952
74710327 322338061
820323280 969815074
593989814 1018383905
13562073 27829028
718986089 206435484
850639517 626259851
557689112 543122928
730988098 542677329
106870597 572428799
1062240297 84472404
216005527 337863866
633544071 913738929
16170948 260526901
414635956 1061162656
996281593 777058994
84957015 421672816
308752692 112416395
410808665 514827624
210559457 767210286
816278607 369212991
999608893 542178804
893511494 522591519
700129021 311049232
773225124 88279750
242842619 491254845
293188223 143006808
168357018 584161759
557032845 719051429
1036998378 598478836
16860078 644499662
165217321 99619616
167911041 751387144
834307587 231311078
146299759 81362830
659158560 592347589
776256000 663166709
80222879 66290834
27210843 385214553
642285036 839123483
305157855 702576488
152953932 282957930
290571798 1067165703
446981750 823667169
16535862 633557335
1003861316 971888010
111882605 192415150
449634560 852491043
491667885 478835033
740597633 467678893
182254901 145061648
821908429 713990784
317456134 377081194
311358310 497954021
234509617 602328494
7930327 560449084
376011713 244070688
572615894 295604194
233345086 468053541
309615014 1062161461
416045684 357490139
230861526 613375266
630606734 386169154
206016742 690490652
81575478 331796406
636543595 35979216
559531304 130879844
78088344 916653181
714898864 586910256
146971313 639189914
562165284 981921269
588137514 110643358
560448279 585779932
756260261 298364245
297435437 652171064
1021079479 1044587437
774068969 399007004
1065714770 356591251
207450799 943199131
945692854 182480938
88926116 269360736
138745927 612013491
424563249 101474777
773192544 416761621
12258203 826739178
291409909 503500470
431141164 827515912
98736922 159119850
275134043 819337205
97886789 31189154
672947899 257105010
259682242 941147346
907932085 48503156
567322097 965941239
969084553 378609102
827891486 1043825452
964047426 112030604
13947942 890108593
24048078 580066079
963672622 145734851
656826117 862309758
777544023 322193723
353780429 171208840
560129881 962206290
167971875 741317430
88569844 927822885
771627286 43049540
255483399 1042472885
958796522 609535791
397130925 255453009
570059266 286025082
418612817 401480852
644761850 356526185
164422559 785274760
343227603 403950972
58635117 362730678
312735795 143356763
373136815 469991171
1061469913 587962619
55858484 772713641
504877243 738004980
155786768 71397475
766508105 31828049
1042343189 145374874
846675921 51875793
532323075 463738693
308990417 639108612
770419920 416354551
986856286 245069753
678525717 43089682
734230769 665830122
656379736 782614523
734277322 288928990
459319500 141693302
211541051 8718234
501781798 316226617
150497833 615484248
214516467 692085571
291216530 758733071
571040607 24705666
1010757962 333175125
888448823 706463086
795820744 233481811
134978200 360370271
435963310 610524007
366692653 494856804
742230415 621454437
977450293 261462527
615648827 535728588
555151506 346380082
982298983 355354001
216061162 281062167
648467018 839928086
256096460 457554458
867189314 78507157
638450809 297090834
473110307 807716903
317047702 520103893
917809202 966251443
46179596 426815048
1048711965 649079004
408932136 915674804
851582529 1005616613
1029121205 649650727
181499585 63956721
972570886 647568693
822751857 637195492
606778478 564236333
223469282 702341010
29604792 785780737
900250818 605283384
153194676 347702732
930389011 68481899
949780042 508185390
654116980 116679321
556361975 395289842
1063568965 950119085
1017331821 236052875
868777206 396627340
425166856 1001248713
624433405 1008306130
301514506 886201542
473565261 201817809
262693898 1035041637
214878998 395231289
860839651 306551129
84842299 533270110
560402084 557214065
89299075 936017477
675552594 316175338
283991817 767323775
496183651 70369846
1035921200 535443408
915048819 511123194
1053367076 889158422
473098112 982324144
522776353 215896643
988486058 198250863
16590640 880439354
469165541 65874434
331401749 540074902
643801893 54246914
768747560 1029791209
131974284 1040623257
614806426 833705614
725904499 681445841
18274471 137667635
632583946 749439790
1062655599 599191434
48399508 511170771
985461547 324527898
646375694 658557646
353921202 843242154
200208233 726132420
612117177 585308486
924567669 685665208
516519761 51220702
978794981 1008183085
380936030 821682451
556171725 409501741
211690177 294762862
371601706 786889096
719844647 100361913
406825518 895248256
128369136 711823194
98620062 269658633
2672082 245258868
889976135 511807402
743425901 268478114
791318935 726593011
131175638 333221488
128594834 979214116
493522910 808974123
833313751 331134751
847397838 463464391
376358663 824618273
88081037 862705436
272426377 725345233
845590363 983024470
85528161 75730212
288043867 660204996
528388049 936793234
1008077788 272138504
507142252 224935140
818103222 847143343
222059802 314434120
64682212 934820813
5682144 329867993
948827671 865598817
172801917 105491975
57804754 900836752
263276588 166353526
28575369 229890925
582032215 19418756
847181001 970381529
651694841 907903129
298675350 816442579
146641637 1005602372
525088530 147610019
561061687 1067448351
855995550 491770951
118817332 374422410
51348449 516454420
170400785 599937656
421646890 659826188
62003822 454063127
445635005 94219588
338267502 1043781325
674503642 598773796
525051932 236363561
1005747466 469854927
1560231 986240880
5037247 754804834
282366322 1058857288
268225703 1042114241
95097972 90676876
331545340 175726743
935010981 981732484
96564486 738798609
1032621522 407950449
812614291 314534460
572724999 914629636
760268023 865823152
1053755227 406304477
576573737 95967370
630100451 794918834
378254252 601128482
920939893 311770928
818800031 437768427
1000289965 6857153
348101207 1030068353
391215097 2557729
299391427 207112869
1059508830 788018015
141971146 550066106
840531140 835483477
586898864 896048132
265362755 749986775
809041040 65311052
824820206 759270521
936103687 148719546
223771471 63060129
690214570 393022940
169214767 479354866
430525425 963998260
593461896 302764606
38924974 1003603172
876647106 16264611
750615749 807968289
566284084 985596623
418440043 664768386
822039094 275177525
396570637 897823683
674705613 323960663
56323692 793961330
434837095 850320432
753998174 869708203
325003414 234974583
782098676 828371740
779079868 208025340
911504382 965619404
749386199 332562217
295220106 878573020
570139183 591011129
728766929 102071599
917468546 333207159
463745618 1039109105
222091155 254161975
177033836 934531908
460576651 50019168
117982334 69493079
793166104 654115323
687066476 748689268
729222488 495511314
571022099 810371673
504143866 500593161
386094357 852653624
148880110 28311481
175929564 101828574
624850945 741449782
3697477 508606251
409835395 719825442
859335731 453017725
999665496 771499448
992901359 792351164
974870113 118211951
791574054 198904094
336261501 763921913
636506994 696637497
778416343 1054364426
765750184 217410188
478305482 11324003
143569948 543867618
1043803311 654167952
786423921 1041162825
349842906 653865312
899310367 744823030
783643944 786784610
59932335 410283105
128221405 152254351
585392702 898303740
329832737 680889499
266997261 964859336
78670535 5601539
778363219 170685251
984011773 245258346
969155839 620763506
701967773 356637936
376702574 203431783
672355112 82185419
841134272 248319651
696042367 460780365
408038012 578221197
1016480449 920603161
413131086 445231428
54328068 82541695
588404413 831912486
568253854 743148305
275665022 765534992
411181670 767378749
526552814 642617897
744468481 673086186
655119979 30035435
104820911 692412119
345719027 713239893
66395725 1062990899
196463836 41002298
554982645 513966337
92065226 364533607
37751667 458302513
554090691 222120706
516937713 184646541
251279175 887017937
776651498 332600894
663559106 438646715
28061192 502493528
885182519 900863448
192531960 640410014
673259782 1017987726
721134124 559950388
383213539 678447816
408540135 650397218
361508962 470020416
87631496 497563420
306242393 67366470
829821233 880371253
704562042 272753675
648856849 532090321
646365192 345013276
289368371 626597928
248361150 160137694
944686137 955600830
427819495 986192332
1036984953 395828639
700291909 969533149
133248396 494337344
239413626 582631016
1024045218 900966548
578988519 786844361
292052789 387914115
202406402 639224096
666719240 769327737
136475984 1067458464
482112579 735322935
780101124 861898083
207962961 332614950
1025779385 1064207212
733237398 860212376
149771753 1003404784
843633752 999786926
142780517 263770759
199667737 333234720
51207711 448823260
729554549 304972222
33133642 468966902
437494581 560793339
94828798 186181429
177993684 826999425
1034272929 899676268
251549731 20242588
187972609 251783520
1032597375 467157064
560267852 561971903
745220211 1893619
727095727 488202246
16658153 305849656
1008997856 408126751
437449245 349824102
720448318 459848516
437737759 718033236
869367944 44496365
605630760 814131506
398965620 1038391284
871038172 836609607
671760411 1047130667
959027394 697236422
646741100 483977939
292579735 264076711
753371035 903368765
1011974131 967277786
980949082 296998145
724973294 264085041
485926518 534064255
397346517 94396386
856472638 113262659
722099237 373238872
201762124 490528176
592467718 451897109
158709455 768426336
213073 898065091
521252172 986113996
906649249 772786507
947697245 730795161
909046394 764823964
374037022 701744909
84568842 791236926
406616506 715134088
905938661 512519404
704890294 361289352
759081160 501987335
347807773 249886704
1028472399 588655797
167891397 778141246
1060734078 192016248
912142002 512219487
310273740 523804579
758162575 950739314
958437364 206737760
923197889 674257493
880495463 1005221271
629114606 755052296
970964419 725483317
304126870 697553769
384895764 753199207
540917205 249038447
265523103 1059544935
37092155 757452882
430655788 653318086
661361944 233220994
415339878 463519333
136157312 578334842
462872255 494944898
84611744 586979163
259437167 480640691
918949652 745735568
972329193 127231506
855143857 650905803
228567084 301404150
161302878 1006686927
77008173 708850309
770342441 256882519
452526530 942943140
356895944 789367694
1011483354 621908025
555278540 5947304
1065633191 971888650
360102553 707621996
204386126 904571691
577426383 85073173
821554959 656989249
597076524 214269739
884191108 351645799
595758899 77752728
282622709 813944423
488447684 12440573
484839747 488489673
837571787 385677172
322122685 246455277
673448966 852025338
663981450 1022779386
3663835 716693943
137063171 651549776
865492541 746511551
279846059 636745657
309061634 671024968
239716849 127368517
935349451 673356090
115622279 663373501
163075761 599520979
91844511 403422348
439454265 990241426
786056767 23980496
991198027 804307833
460361036 196849176
842792050 763259026
268793405 267710797
1036754431 68835924
779961970 328860142
656059174 18902377
920437625 959773970
262062736 318878078
1008707281 267155962
290874818 796933781
885450433 964959185
618059057 97512412
244989263 598190025
127663968 33817593
1044388866 665981049
295622041 659292432
678120730 246932030
564074042 928654087
89421868 843725824
403479669 772085986
75250009 400981593
328673340 865271556
871962609 738097215
451656420 385495816
451659644 781300642
614601596 835685357
532261000 1048774688
712399979 176838661
959747745 98499058
311163007 51017947
476494903 113032607
54610798 485968198
945329125 673248499
74389076 664206258
594341010 108767021
875347071 1063140628
834704539 794380205
926727173 820099125
549683013 173275780
919779488 59716164
1062013978 867065595
755553349 71033407
942165682 419316576
37928305 687181688
825533564 589448172
153572096 412069898
593666027 773079349
169075942 978526927
489219865 548982318
825612998 922422007
607534236 749893543
747687623 514346730
225296551 305167886
873274540 195283638
481594449 717837134
280262080 215848985
763276808 617147482
594676906 944796709
666266215 254415404
434908125 753048972
806209916 1032351123
410781814 1065814402
226131135 1042468310
906246119 724069795
1039667116 324621671
582405402 1034913451
475027161 11594851
98090620 74848273
155124561 53125193
226385164 25098335
476551845 37765821
58507453 876966939
5965853 266808744
384396109 314438472
695254998 287674256
340243335 637241359
187334251 471376709
4082397 799620959
849490616 110775148
571888698 812639745
394870765 450358528
128355887 571052235
529008097 107068046
333672827 606453027
779525822 1004441341
404486514 639937530
938439222 769622887
729362878 627975676
909520378 751751589
70656700 79673447
144426112 996257553
1063713420 891066147
182500500 735338773
349875286 338785426
209870070 108576472
164186590 958912128
687747932 720143284
683416177 186587194
415819954 477741569
689759647 683305249
259520099 192399304
534297629 155959015
740754368 840716077
8700430 564319287
139689468 751981979
463780035 612451814
134635155 555242389
905030185 944380628
855274241 270153821
213409823 752826117
1012329734 342360474
925379373 931419994
312649335 205044689
804632112 486518815
60267478 416774122
407792670 291435924
587837464 379040683
265544517 719566009
757196333 764007535
833024806 791045178
607503065 851846167
470745573 237375716
788660562 173956295
1045155507 939788419
941874632 180053315
150747972 28442150
696685838 902260889
991104969 296275523
1032807291 804645101
893007361 333548407
1026424428 664414088
944392072 1048997126
627684926 28427282
64273492 129053488
534071417 981706044
735039406 488537514
292756583 596214242
686144022 109264381
618259667 633474197
410255411 1017483213
368416555 625190699
772659570 442448359
379042619 203984180
936284911 548754954
507529820 77529963
645924996 966864151
872098061 274406763
225914510 7187687
487728023 1018700962
386425993 856182320
95148892 768718977
212959591 707410866
723987177 751919794
304628475 322197986
337920531 458432543
375191754 599190588
955213734 172960887
733435657 584895895
962503277 983518473
266522819 741056552
497871170 97326370
834479071 385073698
781747650 587024507
593588489 596364215
555794904 163313715
492247981 2353415
1031789708 1638655
195273140 368973482
1062413952 520161284
132949029 84478891
1043905047 287221373
589766550 9623462
413132496 126914448
198645794 249838062
716067984 562442087
20620973 963466324
538111887 197737062
315760423 528957696
211676358 176852845
995315873 357515518
1066079004 55860584
286552551 483168183
577095113 105217293
987470711 530220215
190544352 291682208
942753409 437244163
1001299119 15142316
514830995 491398392
701367734 468966250
223177068 390804630
405229680 400008179
228784422 772891895
535979822 94280781
373965837 270269961
60219524 201168390
61795131 389277914
307936888 883893339
679833403 958056503
142624216 433780286
208466299 791132256
661443470 396565978
948554189 163015166
381840362 695306170
947954195 310365790
800073560 851057877
350926290 1064298014
498829492 80935489
522955430 727404483
169880723 763474165
300148198 707692845
1035360635 280471422
568761225 717302705
206550571 735240543
758167527 320043512
813973608 66131742
198568850 322529801
879641855 731032889
101431872 452400217
841310842 691770916
172847364 76267674
537949193 632737356
432448113 78404280
867018307 306013675
894100906 557004906
318104437 720913463
274965184 312323663
616351498 809044087
905853619 905149607
100559612 838781473
928179479 643530801
576713484 1063735944
220547335 916060063
44124667 906304209
60653245 812453226
175839714 463201424
259619716 40385805
1057195102 481013345
126343847 128643425
749641554 529203208
753429964 99960950
630280273 72683938
939670338 898246795
964448088 652834484
718304572 710051630
498677781 971983413
266029123 862719647
893859743 737430312
471017650 607815956
182930593 506451683
471770439 366856631
370145513 639223933
362926485 558721264
486732913 159907025
1006733136 346169248
749720544 442662930
208356891 809884916
553399853 780708511
876298390 706036822
374756357 146535626
819595835 767898419
18751978 281708755
149942010 1031244967
349035073 700601417
167628917 32158066
997631494 214071434
1041312295 917635930
21378591 1041441022
16865862 189203122
498112468 1061040242
250984886 756870107
494712064 762578530
399943528 526990991
32176059 364138703
385890458 694552386
635335629 448694899
620699399 329725091
945499503 100635648
70572864 267612869
866997061 622887932
549918810 785805877
156200236 40078919
343257707 128040223
893109780 35210245
926147067 394638560
45721551 636004122
1062215001 485398929
966215486 153478428
223543734 746201342
361577331 889073843
483601982 9916824
450346419 586768916
980877635 826212741
119740270 164599007
503590154 454109103
968617164 300266400
87835361 809337689
300105976 790854167
301475895 223100028
33991894 237237753
964008030 825031941
322172834 856759251
348349548 493505943
285441729 105082966
1035748414 996239064
1029234796 687712809
871251667 675394632
839179987 462088532
45294085 18368214
744997966 275306202
981679939 350327557
950017448 20771300
519242975 526751641
633911711 791152970
26773309 651282271
469181250 997278138
860212768 973332127
819129075 887961589
192399268 149660194
581497268 700760374
563272878 294459037
872575478 444618043
312760155 736648425
405225009 95063902
301793095 204958618
367855169 332065844
583604696 586605521
908983541 908016003
994556936 192756298
510717176 726587431
761564119 15262752
498479428 867400810
821586677 282760914
866681733 616687127
609484846 184920887
101211401 1040788180
756443325 770387577
199681033 757938002
236869944 222311716
334185049 587771884
489040298 387048492
108959240 957913248
975793784 66316293
150538925 135157357
668391657 236434955
859003387 594392871
929737961 386401003
609312911 494613639
469030435 844452202
577765610 93768283
801392578 873506587
100430837 345295281
4267908 190115522
353375911 181282748
435887191 825899601
491701726 536139254
564485938 746150816
620285161 34125521
287994979 505587048
56709360 364902790
1044008329 445911240
80218279 682413732
626367902 571268439
213315627 994910132
419882928 781027384
486822054 984898139
923959157 561145625
627571089 962752298
215879613 393140845
740770949 408240721
974907422 106326287
12183112 878648368
198808045 95598776
179196509 732517962
965266635 23284100
795841506 837836202
272814396 611660463
997301562 617175958
218114980 342997209
456987503 46442446
759019713 707944550
329271616 721220842
313313037 21467214
252949785 458707674
719084661 43130579
69796568 268269517
635700203 733273671
767548725 1007583136
548622561 777992538
157765047 150351560
929678792 280700588
497392280 642092082
46283471 887795935
963401852 980029699
534450400 793982315
590632694 701518673
875530507 952673747
541738306 76678911
887676197 942191910
223300547 65859850
524177264 908780890
2604248 880625730
67726109 648057516
594693472 673688381
964765112 301639360
1006749313 857733252
848423990 969724272
175439720 170666279
594621903 537492163
86589257 384990711
913858094 579268230
27190581 633655524
740177235 688314936
308228158 444949505
571514535 337287633
1050102263 821954746
326636820 963187555
660237034 923652764
210734337 785357692
985111542 263219659
969379891 337628784
936597005 266519169
1055781575 118067868
331527942 105142665
385027425 693977548
776229741 841855427
792325172 634056033
754537567 184208427
966925921 486435099
737651705 744919031
964231744 432836642
312645590 111487847
94065295 185489759
817214495 756722869
883877264 810964081
188697193 437931158
294197834 961537525
257466138 42630239
422456499 29784799
47788496 197256678
309761005 1065140735
85734871 658830061
193022844 1012110099
650617076 476543639
540707112 502992819
583648715 24518635
73832141 724278416
717434516 352977557
445695828 148655285
754859964 374110116
206233961 611138871
799479365 513267229
436827662 297388547
134713168 834081389
813799168 223103616
893061580 197761448
290267526 761869220
911642323 310675469
978612822 962306099
502503344 261890209
924113427 322149250
260376845 376327240
218262189 391471840
840272180 646587849
403060982 845283381
256037047 398563483
41717897 874836086
479951231 1057478377
783310304 922887445
247084184 898889880
201439279 761798189
891428836 368247701
563178768 801879532
171195322 906195218
264055430 132425633
1022374149 107653098
553049354 484580371
627402898 424621557
401932543 147404788
792891081 48318166
231834358 784734201
844090487 179231775
1017848984 998173098
676496157 812036063
845805058 91481134
895514212 49039782
888134674 460798765
743112994 631573287
683551554 883012538
387976625 594397878
393145217 326492298
1021416736 83290461
798213005 778157252
399676017 550922259
472183612 969811440
434460492 643824515
861943382 471100619
289085955 376920154
39888315 373865855
1042197713 528001808
493541086 418985728
974500199 1056886243
1018459088 403597735
427378627 986351327
218624014 503620068
1060766255 261172723
645157894 802900416
274900921 164783242
391599184 4309545
113605479 374806742
806108601 315290467
12423209 192597955
849764823 900414571
709194245 319439397
645998495 407615661
353848009 688210110
694966407 523488735
485452342 378494265
193436602 985457470
533007903 755338707
118777324 731753710
150230466 11169905
436155164 213730213
1038217376 513267140
266132999 312530772
142803985 1024511627
37169527 377501831
89114607 377816030
313919247 436097206
626531243 756144013
357359800 463909450
894562812 1023693515
1000518804 141114325
27399240 946521199
311260109 754434005
512436572 320259062
410312772 376667919
472277420 904177382
257680563 60960333
1063099887 269268342
36526857 899046547
917479412 698353355
347574753 403065447
1010073022 108541214
564811267 226674900
535568412 824470931
107800870 553001233
463867925 869671685
441829644 366470603
727366298 792010432
985639556 148622025
493396419 674685907
121646121 537796836
731686509 240094520
665328592 386475189
943362668 847053084
186316648 463417104
693851498 885294159
76719698 509777805
541263090 581354421
236930525 202469708
416471654 443306367
242828068 716310381
268011533 583848063
131713504 697005617
93747714 705123420
819432332 592756072
307124585 657590033
515562329 842293067
564057477 169582853
482271280 739615371
253971692 1040250544
97794558 939018017
353559251 450656298
817307240 283506116
185607647 159239747
661922026 895182027
201416841 124727526
692608688 58935462
909317736 589442297
269168040 897283970
946355773 572614505
95471148 8551777
1006971110 619861450
681580400 428321975
804561110 121475807
1039482881 379301275
940156114 483130287
770939272 682642739
711027012 269955407
217142834 587820466
826453226 120157472
139442838 710674608
1054603998 170915350
130762595 1024798143
340805502 140492850
336234632 519942630
717298677 510869541
183240234 330885897
808347089 1052155790
109397081 200444840
358275529 706900313
305655733 787134896
825744098 895506575
165601135 440392170
1018143124 1009216589
158804561 35683019
502846400 676555653
59386902 428246128
687723177 800644941
80748244 100123473
151497174 9644967
4996244 831189252
150689111 1009465476
449535111 660016811
123785995 875289121
160775123 283610348
124024895 97409801
880309821 187632693
205044277 741471243
614253159 991397460
823752970 727976759
290293925 211533742
416886568 513931326
152804751 162361424
88599160 657826233
32884896 330911004
935439400 760127406
664367450 722332396
114158426 523513721
502148853 511752944
651194426 302046111
1032827540 522453081
505760470 962333424
708862654 73327086
700389320 14109012
641117707 749377106
316187243 589115156
582516814 992122911
403515450 338520334
445083739 79888531
807812553 318085791
374537775 788050946
734775137 587309073
19363982 373139111
550107826 234592229
71049364 933700297
879993351 918333454
211351610 406917212
1000734321 741244444
1020488035 90560128
855340736 486599364
336860273 456306459
254117157 561290940
678574699 690680441
568749149 723319717
587352430 1026876052
36722761 233004529
958271440 998922344
929925142 611268363
442143813 519915619
1004098382 279940395
1058953245 206085205
236903516 1021262045
656994409 622100062
625378599 689493237
548015330 413804282
268351398 683279239
857163710 175766635
633790530 775020598
823404810 554828357
443044521 670572265
737122882 512669535
295871661 694069594
69632581 1044705525
859557234 79072628
502218200 860424437
95085069 868986626
873596557 786239983
939507140 967088384
75703431 415754433
364778362 338370255
247470770 34519223
513638577 732333787
127098292 874840069
104792354 627720945
630452605 322358172
468491417 883002718
1029566138 544991376
521016810 478892281
193982459 559214874
224860703 331715700
435317878 93680070
159691927 506483165
293014909 659121050
399310207 188896591
817012092 199715837
149434187 1034743021
973199517 687572678
709880339 140272224
292162474 188460781
552096476 690699955
965162413 753624357
701635579 574688299
552304233 495459985
842891148 544580038
792580939 371780233
159481818 560544106
669833919 663812680
509151128 716490816
847575319 316515444
777502311 678696099
1056649845 219616478
621356797 525697753
542099628 578358134
506711420 456324161
250773127 176697146
488314615 988985580
297340227 656833703
956884702 153030913
527079965 306604959
495698220 542005654
89164226 738959502
873777458 270527626
787004747 1020070713
194245927 22296303
1058780389 610174088
147268750 215041523
3519092 728860186
670953382 366117494
246441955 136816372
625543838 1039535126
787877494 165333426
60674466 723933332
199438927 684470583
83685158 998129618
277009506 1038014277
726264091 138238510
856844508 545987699
673816303 900787521
97837429 499409927
824658449 419807376
365436346 461350256
303713264 689312018
580248528 427041684
173886670 777864053
157061805 630444633
748076821 737317812
457464564 116785533
751567141 229481806
371325933 887470743
613659159 279895739
728199109 477044020
780129999 19899146
323251103 80677662
320681472 221883128
90312466 1050206039
790091134 911402652
507204928 1052552247
562612740 121327450
504648531 304617426
332079857 830908464
925626260 914624800
758216437 998205332
73405412 339959382
235226544 919720364
161055566 452661476
348481392 476521658
436339304 183575022
254982611 492834674
447616982 238701817
743794716 690367720
950275965 307726039
1006750806 992656540
32987198 465987331
377396619 812003113
586305318 743393237
196736264 609391466
308435655 835315800
689605528 644773080
323063431 975372924
459635612 301352435
212523925 874169907
515477906 314755808
389916683 85385612
1019054061 756517764
68183596 668996720
101562893 671024060
519543593 964097159
455837568 75504440
870457775 381972945
186437422 384545764
453902276 528516582
367411916 315849263
820075380 445729507
180964194 199377752
938128754 939162992
289105589 862354075
1001975160 101777773
131228916 1045473660
275088667 181844413
569539294 328761863
597287827 79954953
338299339 110376951
150581161 887366109
1045520751 116480803
