921447722 244569055
936754254 945935162
311362378 281170778
232641949 783780180
727139445 252379412
392251827 1034716091
88488501 667716068
720141297 455043512
126769756 467922193
618981686 681328622
905508878 675115306
704112225 1051132154
822332179 226710488
153347712 79488672
904453279 147439276
820615555 694653578
720081871 263650802
774029162 5255165
280650492 788305837
160341858 977316430
525527072 860171653
212961059 647941608
762555788 18558267
369216805 567203611
175862696 2676405
865687970 36864688
326871621 858384461
194981530 725400353
107361961 656059282
690070229 141308343
340063200 816325891
68952142 979696175
260004055 290159138
575459468 390814149
1062086089 775241616
13481514 79210050
669702502 226621775
355862192 67602329
37565689 928640472
377380312 631289808
529270093 951632504
96744931 302394093
340452006 459159251
37130081 826437462
848562921 384102143
336857347 862884053
779331211 237206612
371726840 182926341
162002366 632234136
391225439 470170019
500701693 798572628
1040248866 244832750
266297926 856719758
181058435 1055684855
767123147 1029965346
1056794686 953695027
679852345 975771544
953892158 301527553
418378712 52885821
787357198 242304126
620613518 851771272
676974043 307243063
315311378 142436295
799900377 342061693
683809133 454809001
60534074 229134973
1008058538 335464573
632597393 585834812
525987265 406972304
722734794 538757387
812514413 327255845
757148579 265178402
741849372 71144678
528280324 24479690
600380346 158953515
423052109 216693070
329285502 304427967
289114351 189004860
860313387 976751881
445712099 865057010
616131452 1021266819
466933318 446847100
787582382 749879574
603855982 473247989
107836314 379010964
249062666 173096229
606342098 454656701
839587478 733371066
31468022 1024633910
85784519 609235580
805887512 201751
812951633 258498279
422914433 962264085
464100821 383812352
665577388 727757796
587906005 313095954
883972158 250023550
829439216 840002061
801211522 832639395
308448259 653441685
619059791 486344582
599591768 80656876
382138199 663830481
619987891 654963488
778591531 335797294
647938637 240023861
854581725 424573105
143712710 630246861
141423941 788618450
408702301 109210240
959519638 375003281
494029644 514078198
327554799 359009492
938476323 579005311
129237641 1027583769
64724805 340297444
882454189 549150213
283596083 807869391
205982039 46180306
1020259896 542735747
52057181 670296218
433622456 343280355
974701034 36902821
391553984 60305885
769942248 137825646
388708646 336468851
103019910 77149571
679521087 120902252
873234027 849093611
345853597 275127551
307215335 27685455
110179430 314181644
348574281 594737189
227475311 235888637
318604762 647441743
608171640 1054527061
934574704 345010932
156472444 602652630
492894667 795794285
878983926 735972138
792217093 917719271
359703456 478489110
63387028 535484597
949013076 93024002
601792896 802662088
506676179 790359359
305569055 348609608
486698171 964736976
759656076 985844667
688966433 495880412
243049916 1007609880
1009827680 348988352
373236807 877453841
177023194 376167744
88177662 1021594809
1008915818 658436200
993125694 139480241
892132227 1040009660
1002399079 119117356
620652640 308814340
455654632 31521856
520272799 1053776157
778727107 345704126
511181209 398106860
507555765 354697094
43904749 566726385
265552336 914928559
424220904 335820084
1000355134 263858914
1030152923 41022175
139838987 932838875
326249504 984905038
185476932 973403423
1042687877 504252581
982590948 877136908
1029315017 438384160
393401251 737946750
123851732 250302248
39119379 683297439
631004717 591353593
440661803 273667902
41430689 182990264
459325909 203820441
958307692 752803889
409100831 821633991
306803598 843202160
560055225 1045931817
583925880 118863763
762858381 907015110
18876571 143452081
362820702 599293500
61226033 622168294
30587812 739616903
834102026 1047073601
108556626 514861746
337606265 985796710
954255554 322359923
50611016 492045818
504334753 730222476
846979215 449716192
966587062 43403409
1036063302 557403737
548934381 81970721
984745044 48928248
313099307 100228894
417783488 712407507
765661075 65185130
937842906 795783078
1030823711 770593194
433507652 555519734
568283836 833855596
795800345 107569272
427782459 443111811
36533542 715670187
342320971 496182205
665234838 167560495
1064520363 956853667
107229985 789805042
371057499 359889260
220620708 198516572
483102327 1035787004
654439030 479289325
916443090 896351890
351616663 971916707
583488119 20516810
845547450 909673750
577532454 617857779
81295315 893601565
975812431 98714735
734968585 825653881
522850655 736924470
575864006 572895473
517560702 372217248
924702946 467340553
1278794 132043973
271186308 69420626
583198623 1023897437
562091355 842631811
455499196 557057164
536348218 141058040
78106946 652809217
579554397 926099702
135156932 544273990
108038965 101229403
962874821 731532499
703662667 198576557
466239945 401054186
99508013 827736625
616836246 879891221
588866395 196344587
105019810 804732072
793951774 944471248
509218288 1042723381
1030620573 989320922
119963045 503276870
186706496 490858998
924642368 490485499
985551328 248500015
237159922 1010566888
656552487 432595249
616494961 912018166
824684033 430869318
165065019 413362465
808874499 994187513
438560711 488536652
535212750 304782384
645827618 432919420
556079748 688542494
150866281 795659578
836898738 1012862694
951944039 638910844
635190526 598543410
169590821 865040402
871283987 292008197
849030920 1025707372
1021496016 414997775
812359944 593269145
94965154 339650466
222849524 346251419
229495860 27999980
946024235 455907301
114846787 94717940
850782070 448737244
409715759 88753068
1048779454 71997658
1055667905 28465332
422305128 747169258
447071531 394866234
843859583 951244266
912327337 63864296
951128599 762363965
1033795432 75541064
210710195 1007953455
903178738 548625630
469187555 440008613
143807507 374899260
313499700 288663128
699163648 546015391
368578409 527445122
514276495 297260742
1021629399 1007937259
205076896 272812446
785365634 132682903
549768005 151731213
851100990 415456509
594925741 266732034
31404472 734177543
843780701 1053281383
713184963 110224900
887626878 849840561
269254779 193076239
821330526 859998831
163190366 947378116
400327947 1052616767
1039612582 1061641842
459931057 397724811
944595436 727393735
899748761 8342710
622867646 601234283
846944251 943463169
102563524 781267680
1056246928 765079760
49475206 747865512
82427013 1046187733
410079553 553325868
109792664 1001075222
429487350 492378660
141276903 801556328
923402892 928783254
309310261 838689703
49667743 480104865
924335130 627815054
915315767 238122105
972514206 868494593
381173669 767669352
113778944 691998956
1003878961 199415933
672510336 1009577419
1067350135 720635346
309067772 457278590
783292575 784019226
435713821 992059090
397725119 307673163
524762363 920436785
131878498 905069433
507924924 965738344
324506953 590026550
514950795 639542741
27629740 313385834
426660121 33080606
771583667 555032419
181034569 1062462095
706883927 357725137
920761290 458620681
60663191 1048404698
711577676 704301219
454202644 421790285
320587149 642281005
920878764 739948651
460114042 516004849
923517437 684241996
337091747 38822818
374173583 207202295
192289257 933923794
994322238 984535424
488935851 138751164
761606888 392851427
587568513 286398825
385610195 100327560
587647381 426635345
132683219 385479703
631721472 333256283
619565183 681500109
671140116 876469430
482663564 698090824
829585050 1042723500
701048286 386386421
398854346 500091834
74092590 111534313
156840917 78438610
456693805 312463893
743725366 740655243
1040101723 244260921
827206964 722921479
32629668 765027778
821573116 872233580
660717202 57129527
623032119 944091796
950604063 775094275
798171692 979643363
218638212 970214256
929022282 811348437
211624308 639635361
256000338 28642149
387562695 516769952
924904370 735643415
5197826 827312734
585138320 952720199
76659075 681553882
930689679 902504728
172775960 970995193
554998626 745654825
502741809 418638094
225401800 624440461
736108626 854413947
1066838608 415425904
455171357 44111483
33465584 248430370
98970198 233115022
793144193 399586631
268070422 872701161
719979043 975758116
975006358 306095713
15654802 415584641
1046556675 22750404
387476517 602894394
444780399 621687876
527240398 118647059
689254312 499525546
771845888 673506445
558169166 481806420
561680215 101782896
554258074 540830442
468986818 528056833
423917676 380332679
278246028 1032778439
216765745 326067726
117681292 691391267
567695473 60710295
103936434 661671370
834506432 17288336
226317842 783348322
414441788 476210318
453270261 717429248
995812515 44879573
652799136 292361391
357972169 163064956
988796532 157096725
999064343 789751437
621491213 41059076
856098113 588455561
821556350 417872803
80975441 516341312
79972983 749310170
690403739 592263459
701593219 888626675
149493166 131172546
571817129 347947466
125918718 489971708
1060391304 624270914
333602440 983031980
616657744 41046948
113377866 53570610
93650496 803684054
412672231 368230766
583850294 913363930
602342542 184561047
814300615 123616663
998632419 945393973
1029977295 1042961761
70767907 874226714
835665527 385569386
319145829 660775686
852752758 559001941
686358731 752051873
164709100 812757488
543869893 158995683
232764229 966495114
270602887 686684716
389546572 810726860
181346647 361241081
99804564 952482858
323694805 425546535
3348927 914202143
661718183 1060200597
1051626283 658306478
714632858 595187866
620842084 749069176
248989176 424869419
654962525 473589146
366531883 558820528
1010851285 788134605
665257698 17274718
1041568905 1004202505
571717625 263275495
136449259 442271934
768487494 487149057
350538475 57619237
751753148 1019754848
656735919 1068549988
591383148 330118
266962584 18638016
153554766 630640127
320934316 557825911
281293818 751068747
919811457 687699426
808331269 460813045
520900161 400405919
475884317 128079386
4020050 607765544
129247194 1004703991
980481546 556592592
844826836 966716101
465776923 65054415
120647067 368382344
1054568719 259664300
939970766 257218019
472722209 230870591
428471401 234261002
40484576 1001228868
964995469 496907909
1049776111 152746949
970604363 782643920
910752496 260203651
412349937 140122715
1049045543 1052330942
281282097 1061858152
383229219 890020820
467195526 12613080
252932204 198013802
402644307 612959638
193266414 249836513
263122930 678460680
643874074 433521567
631899315 903659994
632562670 320670768
1042462245 1009762782
921938723 83257598
980405167 817712475
901492549 374725338
575305342 352152719
723116633 690517308
837097439 1052766111
746365232 760517444
445296631 272848418
870060682 488317278
811720741 198026318
424253502 1059518249
774196037 739498871
185555907 719855874
892175161 299763747
504446475 238365258
259639357 186157947
447848723 185009858
50496633 267680641
489311786 558986884
69291522 366465988
802469043 546616200
859631885 1037194460
414767984 752164351
924493851 974369117
466633257 600665029
74795899 743126807
527734413 550542041
633713271 790096973
84824831 766604583
816943205 238027068
120283243 571234170
122663118 476793764
673242288 67814219
501051440 420419564
148079006 36103546
990032867 1015907019
257412722 930329393
991549460 25674971
117309763 281009631
152521945 314192648
813403162 833354904
87070731 306146276
1054153258 417439872
72140815 729722789
118674057 719726873
475725796 714401555
61823428 502895502
440601922 302723780
627721535 639583807
374625121 305133970
985831850 276810360
402324292 448410246
1009968075 271528200
904261328 108337699
739939389 906847136
516762177 837874963
737941198 398296364
318826654 764460097
249182094 548247341
999462170 260130234
618641394 72346955
471792814 716443366
768694556 552931435
836047180 8511680
846195060 760063804
927754201 201575406
8531317 104683334
655245952 693337234
782429674 115952089
654327565 845098944
212463656 170697179
362057761 594987478
458774604 807726018
552018196 650694316
1026247577 1023114167
104660289 754081786
450865639 250902158
127170852 365446724
175798341 123356332
946798343 1058607934
752181447 885422705
513717253 385072137
569550995 939192402
780927008 885944749
784450761 835416146
706274824 677812262
1036860717 986882779
666238710 506070749
894801135 148046691
678740847 1058570967
481148345 114077253
786435846 677696320
1031621946 668487550
377816559 200182809
377866697 226643438
858050030 491280800
753997035 680781971
503342998 521659415
389301568 431914065
605607279 747094681
312844410 646513784
70622226 976339878
833826044 45318355
496097284 45339362
438199824 620384810
773508619 772296474
789838382 521352040
928743320 732178030
780528208 133027142
629343434 332108978
842830539 729854842
969846429 521791266
99963165 360188896
616333914 638031677
445437120 961106852
846287732 1066379851
387694888 246946600
453919974 328967833
307120175 879465358
200460916 737765450
509300680 591973774
760826927 1763703
892658940 176970337
632760338 222268525
903065393 256944356
681124053 178264517
4523069 402266395
233473160 365244413
538855240 675528306
712778188 530630625
432696885 668374060
788924005 652268685
162679487 4864298
618379434 868527463
117716094 427461937
318245368 911712370
1028914375 112946060
21595396 374685660
595230815 139640574
238601111 100695554
41412624 330522069
1018156281 996462981
292581641 555047430
990095766 692677539
140896670 744840536
701184446 446109055
353047887 865809847
943972278 1026957813
934363224 90981232
875153023 299525409
193099511 875799545
507857351 422053694
21476224 350547438
162816264 329007982
190673298 840808062
826323837 626871305
423454022 742856368
500722115 970531366
277261599 815858068
521029815 126368521
917778412 421230028
675081375 633064026
445664924 750903483
429975171 571467978
339531681 851485860
107525315 509811908
89692265 45463420
829597070 146313260
889421876 465012918
545093039 59033208
327772585 698850105
504308295 227382824
1033355220 224222108
498012457 615902141
378105597 461718802
636007679 788030481
276353625 614292439
17305143 979700748
442768476 164574657
918006476 622650742
199621515 618420950
98061610 603150410
113411354 707378100
845290265 465777057
458338759 970840820
912261217 347184675
848729423 230485055
679751051 558494161
339148050 323742051
885927771 842808166
446995903 1007204628
1019265233 735178298
701300704 293197272
278577721 184622397
827987442 901165078
453657380 715416619
536482179 18229743
13977380 783765240
1058726539 828260221
180934877 464654475
837772623 840114397
424532052 639462014
690757603 901821217
805687261 501773579
214478 26852969
1046714664 824944172
210189464 473203086
1021486035 258798871
22465022 249904886
1041417997 782839021
725321837 756840613
621248217 189978017
821741530 500721855
21228936 917608549
318616053 319605385
761489981 833246628
415223036 872227318
975373923 118995054
83298375 1386379
830202848 17808589
44613033 713402875
472504155 75489642
304935199 553289882
793914624 82733077
288564211 118613015
141538262 456136360
522232361 889750633
43586232 618626300
305847614 683666193
971215422 564242557
553988919 653926072
409734975 533098474
635064775 459227382
122050701 314060309
560919048 620213420
593419252 749678446
231939968 10319809
711400631 707863281
285801396 483824010
179538660 18723456
667220515 513587909
457221858 501431405
575553923 964941377
206487743 286795489
1058408453 1036634903
735338061 523453542
416627766 11433809
444781526 514574580
800805176 1053560078
973159269 546772584
42849927 489236062
125603532 986959511
294259574 235293399
44225339 24753008
585797931 360671479
594311113 564655517
329516250 774148061
841572309 374250676
604001385 770791038
512100991 316599546
388308403 980559166
939916471 541654382
917279603 537204599
1012956444 355642212
880294285 653397015
208742388 530166402
659607034 187784319
627598966 916235320
444169681 523133298
480167468 492869917
625073551 577327390
915940123 409821121
732237295 951109261
466941930 201853524
243528736 825280847
714342579 750146608
757362707 646614043
643614425 84068226
732063222 94873691
275373574 926128924
66185990 1008721639
599157681 930873750
627000826 72390123
50296860 1063722879
565904687 1034405056
732835089 781162947
284908070 78155090
727730653 688835989
6011806 691409264
1025485608 1051957588
168645535 92179694
59184068 66635336
292115548 967690199
254506558 519084510
630809812 41815157
375060215 814809448
901353433 70279234
384478917 486374829
761081496 183831884
854775467 508870977
761021892 773258649
927849305 888682745
327821099 67929865
303935143 786132452
343899256 612825030
617240738 195396645
219212817 978847286
28123167 906257875
555990714 884661342
674229655 948513341
785251758 650067026
482705313 324927373
737880602 655181845
991619501 783950414
354761395 12320284
420161950 905765425
647915470 933805756
974380480 500131066
514830229 686801815
87071067 55665668
687624326 589126491
513690374 357286058
25023591 994153904
1061278161 1065317916
503512591 145456550
24223395 1055093669
197326309 982928270
943353959 135533989
194661698 1020362073
237421338 572360930
937449334 1061700671
883220111 973537542
287734474 712398411
781816632 8606043
606806880 157889864
751045374 599952680
641073674 645283232
897671231 515727489
1017638049 325467131
152275189 4846728
924007521 1004510351
995256033 831056713
766199673 331002754
671770911 281961739
223298890 540557802
874578978 960646662
923224590 435949479
747379884 830397266
613945138 600271232
1024581779 731270602
900373937 240373299
678478762 876331718
180863184 915951330
855028146 156421917
184822218 485600964
352017987 596575111
486318044 41278438
378536425 60567090
372108052 249561270
1002731409 906875742
440931528 643690948
1061772663 685886742
177869318 647902758
818300259 109263671
195061619 30836344
1027325313 345270263
312528560 1050008164
1064970953 498906952
62223227 49987244
432154590 814416790
439356732 959178445
522518362 939737036
651374271 419844550
648820622 533644756
87674080 110763022
163458607 489709993
472146704 200127443
411633451 441910830
1050883851 110246541
475513811 798367406
898812895 49300332
178992375 709100052
735550100 160048835
249207653 641985510
59776363 282536006
870396455 562288489
999834719 183249184
888391101 999776851
483048401 651576947
552294190 303174633
941838006 785746700
959220857 272410178
170365278 684559988
75939375 717358546
903936934 239672304
446498555 49980702
127094934 864959890
216542657 896722818
5538488 882557144
669175546 434886279
576109563 453220930
577078065 857776579
536115267 910721491
799221176 407152343
548474172 531113738
420446210 472225034
366127263 108792384
254894575 478653369
167148442 676324406
709641635 201770278
507259970 423702315
164595739 185146305
529093376 92291452
706708541 17187542
1007820639 283296384
166889710 1051175845
409880261 244855473
76676861 1026673408
953131919 294669707
75002451 305143286
183065055 12645601
359738709 43289040
310252430 229598385
735546509 502516811
637553917 157786335
889402293 259739921
621881890 259809313
356973223 18214829
411586931 466182348
396985745 1008240771
583229619 109469694
843868959 294780507
318933082 367216792
606805310 696034530
381955887 548828081
825055450 897031821
679039008 215794834
97026187 335031957
32042329 236619697
1052780886 668113131
86347511 865228243
115892315 752980510
980177565 680358196
696725484 671778142
297633755 669767937
116786348 393384258
373208966 622368976
136533572 963517239
587694768 278958318
486657066 239331173
615699057 450088742
370464693 802533200
334754203 298420247
999427999 432955033
975486252 617225876
207481217 627080180
49361550 434134039
228038324 861538
61717478 503158562
811432836 561747093
873334576 757980473
479940168 354523106
1052944545 183127109
52658398 614225903
13679174 142156708
809593783 362845304
605480738 134229966
891833471 451440743
302316268 514920423
193889585 407375388
17086022 3294483
472379680 183555466
229256334 131553801
1031028017 1022422166
690646792 114324603
358592513 708421325
880520433 963234412
134828680 712674188
980178158 645365936
694945739 794122102
782603913 366326543
881622300 484604712
61619843 735938891
413119240 777049015
904660777 329315028
1027431725 781669647
427976096 452676050
639762977 295877786
50007626 1045124999
276450943 649536031
682139472 318610551
585051631 236182715
382095889 952844684
320130398 799412619
847894743 164097249
475357576 686104089
39216055 228475295
449437220 104539974
365166300 190858757
776293636 534903594
163389411 516021636
200826579 643277117
668914307 824143703
810487017 130493804
509642570 397055925
63183011 473369795
514673119 985314597
986858380 174068765
764706482 163275915
757591837 386414514
368533455 667639087
607072223 699717669
877613230 333346994
1036010587 470075529
802916894 140797993
607503584 277485749
888109708 478581360
843650061 606651726
972843239 316752673
583093227 875223907
526268695 256551443
920492595 584230590
84367458 131297406
957097023 348961997
65631620 464347189
791819488 336080871
453547385 321369658
643352321 152679529
183573511 862641152
1042802711 607893195
805181924 750309780
824116143 279605212
457164560 268415184
513732349 1059144766
333250441 284287546
1049227480 340143312
211121980 733481855
893503639 478284329
705078817 829918095
638956084 655011172
651001991 1024754478
662226683 989322876
92222275 719131790
336233036 108609554
603693545 629421477
60029273 217906833
946471945 952168731
547356833 407850429
627388427 451180590
20961858 41989497
406236524 1044848062
556399525 106874118
155993938 128424167
418398692 879880366
354018664 272608110
1060201646 1047893242
7503197 213285338
932088329 981622479
1324052 702324501
1022945468 188893210
1048908143 292550823
57876732 423454725
277822535 304581763
55354375 308301011
497952584 568780442
779328217 601984097
551450900 33630978
402295194 831324834
261993498 1046688904
895945385 607964925
810394020 964109223
419155752 367680721
204482137 327501564
581500169 140370032
368049078 477993731
786645194 1010061405
864881169 950816871
969066581 158106200
565441089 629414120
468717483 923340995
103725580 424264450
994455850 303791908
164915961 598186163
516767245 240711669
422719492 185075494
893813116 496402827
22742853 510539670
373227558 428602293
479351051 74107425
870056722 608309583
285534241 740134656
701523685 400771324
706687893 574134312
824831222 210495384
433140261 435400098
449922055 860724039
327498369 995899003
526197955 677864189
807007223 322924957
439443386 1061934533
910634761 1053732685
1051607745 947763273
216143893 27412140
787633024 276116398
708636614 337799219
829059073 757592996
68192513 1045727714
27464487 405329232
318072961 616145342
681679944 324533334
129943447 515405013
1005946816 64524720
765008764 133732513
68153151 824703194
257245885 51391359
1009079888 590053382
987344521 125148346
788339514 547503117
570822937 706091232
18247390 418010235
211653865 576257330
1031162325 149146128
293564535 723894113
801906615 1029579404
474327227 403399707
58763732 438233374
659917382 291301055
521793672 714517968
891349731 1019693408
259930579 168477232
814471215 1052151854
28773539 780494905
998180812 337034763
108349518 692318098
336277047 496393932
745923318 743575070
592293209 144945047
207541085 261251503
156053282 68236699
1062883346 957670887
303079418 453553120
381476439 529856522
346115294 351395637
887878487 232743742
1061630195 386716127
406254849 497035610
162062264 163869981
734799949 846961106
82329283 684711004
139166575 47463938
838001888 861109149
437096338 903466429
815749285 310747998
986519717 574049571
83164761 554923644
453819276 446319294
1059418441 259426871
1020585946 52384196
607921531 192809869
528498272 451358774
547038125 565407378
720098913 137181478
20833341 557350646
280249914 985446725
169573816 821934543
140436607 468947229
887273879 302935070
596294832 784374204
801090305 899928002
777821072 43191686
980262215 145486974
641019320 488064437
1061586683 407945439
238517555 541875748
305909159 579249033
669035787 764639287
900457712 740897092
401333809 519499122
755242205 296369668
1041521508 635879428
859162230 256727397
778143352 307498527
795358880 451003655
822528987 535961970
756415663 133810398
502408730 370217894
1013102180 891445979
625791023 659717857
234232881 230924433
88217078 912542123
203908065 781666343
884309853 1059068122
439146162 359956193
677382997 149548382
887011336 464592624
571167538 286062616
27183730 1013975722
1029470992 390034246
428574885 1001840502
839890398 276912778
283958612 259825634
747118665 363961350
654309982 229410830
578291971 1012251734
71168157 89769937
605411210 710304005
969904151 814392633
288913988 819795617
403333453 324240884
859096657 672474133
455197524 956841648
901556247 719869276
826344122 763955324
297717031 626000329
108099242 750349828
43255657 852403340
500131505 102707092
262853538 803022928
850715916 978637766
985605767 1020445400
498016616 358122427
544664086 140403427
918651338 396829371
89788594 342247220
898615065 949568466
691440409 456556376
503968379 1027380079
7988404 516249649
238491556 633001094
554044889 926091493
730250054 766067372
450999128 954675890
1012911939 181664918
176283537 655622531
968514612 428238790
187207793 890740484
650657726 485775202
708737641 38364201
433932687 1055219164
595485543 622070002
336718428 261048138
75769465 1007073777
236400398 730324234
845366316 1064049784
609289859 639397532
400337499 282561014
879290807 975103568
1041948497 754178816
411947498 259634968
176416052 294776248
843044943 744639180
783685187 475851802
203164621 326601300
286932194 321132724
765201728 752788022
266998494 24814960
320216885 31463474
431490201 510367250
132537352 1067919956
192866852 910001210
916267387 39126494
435415353 442216665
1004404381 649348026
1005159270 615798438
477150397 843068399
478781324 740312227
1050814896 687229695
718492199 802755759
465673463 918071945
982911184 184466032
636994855 672473002
467886835 415045505
450714630 1031027785
652857692 911160575
58438078 578411313
1032879600 603809821
203468592 937420313
244994849 83929994
1050252454 1006544535
752151619 320080898
505876651 153744885
47245661 789065211
17301606 181412995
798789366 326492355
240482596 428301319
633432515 1022209038
807915905 368596758
468499456 720929756
747802990 1046930792
708260086 163727239
694579564 136909753
1055362667 626769915
149143427 796728493
488655569 537860360
11596059 310359495
293815602 457193454
516464031 1022536572
340043906 177540945
499051639 806819090
832162273 302596800
447932584 991583338
32144619 715619879
914593990 573828836
364063899 367001955
335988358 27494925
685659354 860425139
1055829742 990293223
942084129 35102785
289144871 993437417
448110222 1061012185
383739293 232948546
236597275 866813868
895924694 555298415
409393662 375430319
625276587 1066471882
156062750 582355743
1015815883 893914225
51834075 284679380
30771720 416740517
686726407 995976977
768407764 83422258
99008125 184772065
658467917 179639532
802455800 335311532
517567270 1016212950
36514887 559315496
990152160 547339380
780407890 495642410
942639967 705835384
690391905 880998505
964588237 699687701
964807314 837740778
259443893 615211489
217520546 577318632
754382454 127528485
405672132 782094029
897107330 526139957
528445854 271150151
891549205 791533500
728954966 432668828
433178460 525098721
468857396 1000287517
555042713 217953420
894543187 258007705
425363564 29641060
1048468435 496006194
289177906 201082917
943799730 410655281
391368856 641333401
350606368 757222556
834298980 445411317
41898435 861449575
33542464 687904474
459436883 1048231793
815950156 329153954
145269986 588994557
312157138 97890616
850736998 133324106
1048490705 403583797
184183709 789080747
359079437 128656365
645918806 571649491
90800021 41968507
612490216 927384521
596550766 417847050
241541755 116227161
368286283 151533389
164530154 156515835
872283982 138623635
306669184 493422919
338724207 960802225
199809455 559729732
991645957 796424465
1064544792 1059401807
543051335 433677243
357672001 706876675
635189698 890317979
266078612 801319814
623001937 759234241
576944925 358308874
743609074 622702721
1055432639 939743524
351302113 523572246
1037964724 680327462
947130454 416472213
994726052 698426945
446757718 718526595
906114997 898053574
22952232 727235677
873324519 435432446
778831256 371029980
559705467 1037561887
576983461 553979847
35710004 21750058
448492604 17345244
111156970 23502750
178491631 583140549
489200152 287431383
806758079 225158586
249753244 847196595
1004410149 301988333
409618939 148840925
408188241 545165925
883703382 686716134
665232314 258896290
540519840 885315814
462448142 80746169
502983038 378069080
800629154 655779174
933345085 808332043
889457751 368616845
195088173 937465752
137308773 598439755
913045651 444612725
840196013 463660871
899350282 447295177
671485160 806866959
510206843 310670733
63746460 171175644
408282685 719000183
865743224 365576271
880792479 277016728
981006561 356124858
1028567259 974294814
811624269 878293380
268422796 595355551
985583060 324330841
896078230 905646537
1014003949 345206737
99516548 916197988
1017506771 883489309
96952613 823321772
972846364 763804912
181898454 624075543
206542861 240345957
700577412 961435642
892937084 485684504
33738502 722001005
8049534 651911479
1059644835 224232438
824619424 793744393
786530489 211572944
937549651 493915490
695071287 270833132
560726269 429432766
167105381 696236347
446235720 611338363
494044606 336718299
920179619 540860544
194669936 583053484
576142929 179122782
875691253 738901908
373822057 378314610
1011464608 986004419
1022837597 397026472
629755458 448360997
49352625 883051251
97964544 860450976
1052035573 366655334
548828796 790219011
726073127 437780643
733552707 949941338
642704829 383684848
593071714 531019201
568323399 902012951
834495298 110858843
861562024 533597427
960111629 602278401
119250524 1050578900
375629002 66483273
743343872 970540452
136964696 696686907
356685635 844890152
775963757 25152871
133406144 997954504
540114593 1063447466
981165805 579975771
370304840 116598252
656760263 519419766
1052565891 732009340
881166083 1009468498
738650677 382110781
1935468 413105633
762492239 50032883
764168059 37478320
654159912 362058661
442956997 889512018
1018982694 601927347
914178977 989387676
433786533 211790610
661324634 964206396
615619955 499771570
824993851 586078691
584786452 256167709
784554650 706422485
1058318918 452194038
566862944 84193091
248799237 1063868650
862941595 476596191
585259579 203918424
557318872 923837618
270957914 345229938
682937173 456479485
505480136 662225345
724395361 219217090
401039381 989087971
671990164 740990662
515130887 840476048
895706083 1053819896
144953389 232213535
685218474 433069459
100756175 478341885
648361945 598639435
424115438 266072129
28090604 694125943
13252935 1045253706
1001001028 93975029
5069843 631074135
378749651 458125109
224849370 983425506
739451104 786226795
790502762 395631481
618235892 836249424
530296718 534620747
64601620 418021564
93126890 319907852
116347374 479631088
266299891 668568261
1035387416 883954590
1051261647 630415739
936865767 606523713
839498244 149550326
676169172 804699837
52355127 259387966
233529752 779524442
1022085324 650674065
805568072 664284317
137513312 188434742
762500950 170797000
410745391 720770049
851388953 925366846
236059470 184429610
427079048 246435541
683008840 951800890
978779677 483985612
361575960 1052933964
912508864 765796474
926683090 495739303
447221660 896538896
317283723 975083176
725331977 835626110
902515498 90573143
284467008 16394379
188195625 32527321
144411705 497721068
228175923 53773206
942772728 894898724
66101774 1021504765
164630757 355708134
733041622 445725208
955825102 840222534
78140592 690121779
872929406 521550333
564027535 882224097
60413074 992907684
266255065 1049180793
1060497902 680480081
622529799 586270401
13753120 960542087
349606888 1010249443
353838711 1049885629
513677774 423268768
27247189 855653236
84256093 558621479
811890240 691276624
375922528 330238025
104042972 443631472
787952865 1051653929
720694799 1026746179
751637658 456318590
892706749 206843508
1048165094 463526875
778453444 39099858
1047831558 379368431
638813426 308023873
110341969 963788373
76241440 408702251
686731908 206883940
745723437 985325494
60040133 729957025
483923345 255639847
96799593 171953851
512175334 62056967
305386661 818894841
158908583 168285051
550663364 857557840
99825735 446386025
705134910 1024120016
372984094 134450199
1034467804 182130745
702316100 1003619661
6040241 253026889
388063247 102664457
422166613 647585960
732727213 505449444
366992570 236055502
984832750 567697107
267714060 982631318
874629030 140666852
172012061 959045188
375705173 590952014
424062069 735294430
926862683 667077327
264064689 582848712
281684851 1016043818
158426470 1049425691
441318116 80356916
322916546 823292586
837148199 291397015
196066343 582348190
863841514 641860569
13839268 619555093
50223020 935196146
923801020 207246119
377371544 270732672
927882439 236488324
729088277 637260133
63181428 1024938536
308549478 576666414
409253741 942122691
989741164 203053541
100959937 200559320
371617028 625271447
805773434 92471938
63578455 683575158
216929250 451327854
1059149293 888709321
495304536 897145680
643382152 277152103
319060148 790342397
493727795 104705940
386722142 20602810
382217195 858326473
1068423021 128246284
402084703 157023742
291572644 833080395
946517066 569502817
919349627 419437001
227568264 859222880
535985161 969835049
348435919 707280177
226857347 930415247
273824811 749939016
754136810 991519601
1049916904 254650276
284292353 47301864
905646496 927858348
19251956 1048969846
498832459 301294888
501848267 20486404
856300126 961459689
752542758 247609310
740138685 92623604
980008507 37302799
716859041 305957922
965959729 580127656
543972346 586204871
973055077 948812116
268913291 249871145
83976734 799638534
630972190 265143470
245724568 683645160
156772756 445553570
90970581 88952814
55454680 69036228
604570970 9457689
488775706 803344617
317040774 920026753
744068869 914846882
512821814 690041029
148909035 84771157
992709603 428415740
593970235 519797154
941993823 608666998
94819266 129671051
1055615824 465065324
378890311 880234431
194656422 41259023
1042264905 586253337
341711564 334502002
957125867 877805462
200276407 70126926
442390235 131789265
1068006344 759313804
955557244 38077597
470050700 1008317936
33542352 483440738
368842681 93535938
124376521 812453951
658413952 1031862327
923835867 650326850
258802192 35482271
975643193 592640616
1041079420 631756099
365690567 654785100
798981341 580928180
932834439 743519950
968790317 516408220
7390169 41651481
229672703 616556496
511446487 519015983
889209321 1027786056
679327577 268953448
735065012 292185289
174262990 192546893
1033578415 100047716
651534530 552489452
35333757 834532623
832977136 958934585
640850344 294206938
889561068 222967570
826224044 503721963
759688679 624796174
1011690938 476507531
728775847 250815604
220307415 109624003
959942539 584581843
451769941 330777395
467266760 279568869
595680166 365637644
98545760 617066450
926332101 394410122
585184917 644237969
275920116 863317623
532427301 971334969
417159522 925771226
585722194 93707202
810665900 362776079
483415569 842147179
474559813 547400233
901007987 950092874
211848890 578525386
410951141 465762453
379964267 709329616
6304494 518136294
838489869 307891698
446099605 1028374573
677755624 159810168
264717229 231067907
569089597 112623034
741956869 11184776
1046358918 491460669
605699681 83461259
1024208497 975928678
716457379 497594123
477856712 963967873
804617414 857500967
280842768 443114997
225811857 886690861
165620937 527512083
114010024 521813245
373668359 457445707
266903522 210054457
348869825 932059644
375622318 706481720
905559589 1018600150
920609797 304903546
173365352 385769667
684467372 629638065
456159491 138207613
381474764 409737650
32061395 169187545
469326167 67220209
795251169 169062964
14891732 765528361
956361960 885534064
259640500 445045915
1008505944 429180822
571113219 409057905
90061962 830547272
885992831 314266090
404051261 434481344
1030295047 402539515
148540614 287837864
1035838829 148640235
899258022 677126393
858476898 249903266
409381390 699078279
882290921 676083906
481058995 230420384
359036137 419490154
2465053 926427143
858117828 64627768
771962274 475186855
913020806 159276607
998997125 1067238666
745347678 163734355
396486906 170329608
586847199 236746705
344201249 705149487
702568917 935761472
567921508 920954168
529002106 573845450
822588238 751655551
888926899 1045725457
269922370 704285993
475920892 207873489
165565092 74288665
863461490 973062798
764618846 357579820
213070279 333436568
1010307546 660919
405194319 136169256
86058609 669710012
1000618468 269550880
203343588 933512199
526216151 1036629066
900190386 415391425
891720291 413455025
844934812 429847214
221918434 611513850
949023767 164907272
149994924 770041679
773907173 289080486
511386158 509481645
1036469097 358194855
488185519 1014698221
432945975 88563908
232942939 1004116693
50757465 653626166
494235414 179871838
353288485 181462771
530299276 390920056
753409779 8418672
224893739 1036970770
788770277 401706857
98816983 718229804
71800454 996583907
179441588 735504577
448117790 1001618558
685221190 670167266
718664362 911823506
206289545 524465974
75557081 878230524
709870494 776630321
644047191 12481628
1014106211 876305051
242696842 604480774
6194583 943262906
637193414 555770539
84359501 597588825
846893886 344076306
86550748 260836755
455236196 782777514
51668508 384773742
666588976 889839025
1024829937 801815424
149444639 900095648
237050230 1016898373
801836499 380697800
432642154 601238269
126735133 60832413
1033584770 599330552
344089747 143923503
581255930 729962447
597143991 451181978
779372668 734437487
660880004 245032540
856644545 267493856
1015087606 620993550
360836713 627779023
817334901 648157937
66314357 625512276
324554236 415325364
565463000 155208326
606572522 349956562
903150705 814732833
45074278 586753157
687806815 341653271
199756608 794914939
131892627 1010888836
494807132 904859609
515929633 612997551
729579647 584037038
209547181 1004624604
1050514790 278964198
726599275 978818581
108924602 225776901
605853256 680450735
466293126 523691377
551497062 1011751292
404750322 451246640
324351437 903772465
14091586 824945593
46724242 140833853
557991651 950620907
166646931 341672550
393099230 53226436
998450037 261932379
148507615 540425987
260617649 930057033
8901141 616383977
528210666 67369313
579881085 174521408
104129626 765619707
6698875 506611025
68709560 629944421
886663076 650034027
82773902 82994373
343135660 879446024
201606977 949189152
117050404 271115854
431336524 491519237
644908974 703914940
225131597 409607628
149053428 1011781964
167040638 34404097
781667883 228970779
1064868306 645505030
402447386 96901270
136319988 141794494
1017250283 421659405
377149825 85262768
52530505 827648064
288507087 585223705
199619047 931915009
379492113 986231500
231010678 953470799
632614413 327565839
334646408 100725637
467950131 711287784
245931434 927017253
27439008 700604148
641214088 382855801
722853128 510285939
519414632 143844958
801799040 248038523
649786097 406246056
625098038 862479667
1015568366 463465238
425798726 773143150
195765370 52206236
75734733 203406213
919429213 47199411
538639190 148736056
996919816 16501047
231984332 101492525
602285935 1063004240
441645811 221709833
204026016 201014166
559300781 86996669
1005453921 286806509
141663879 729094613
989936276 921769551
195943822 807735785
1031047855 803192023
301485532 890094972
839247584 521449927
525526729 74343552
483826494 1037107124
1018594943 109466930
647644211 589714569
144051984 75934019
99251888 213514077
921342795 1020843926
213372026 468829958
96797629 335688165
291001099 487540162
44943312 997411345
121677209 564472208
152258958 616447147
337687992 708804896
534527267 733062612
792578293 125702586
658090915 694912505
327518125 167245720
810984758 280493960
825651682 509589114
678629892 358159840
237545172 539636674
104968400 792310092
775021233 426549228
231229560 1027170655
219484675 439277735
105494244 1040657086
675543396 349300481
1009067938 296513075
132348941 850020318
213685960 1034497645
505860572 956091664
71764280 366073658
1055080173 917573760
874245378 965076006
1064753920 905957579
427894979 456030168
155152130 220854597
857183361 524803593
734353766 649813485
223317060 1061283620
388093692 437550766
891992783 174891185
820372111 1003694762
26360297 562681734
214676656 470338082
257116180 705869354
85187688 298637676
948975416 215388046
769704153 900298508
789733841 433796375
529485086 146707927
549596444 246149284
53198341 1045365818
418965480 314539119
779271216 1066587264
14395877 244111763
785607327 366481747
230686886 850038707
504716315 103068234
533923120 1061496232
568875703 802322039
650754369 115735781
