758554062 873944624
470249447 220888163
577842528 964955718
58702391 1067590782
622923497 847710887
888788175 1063678164
482603595 788180414
731485284 1039675297
479282067 205687887
35619993 896351683
476792880 325844739
321362797 708785028
717573696 1067372467
202298312 899551250
419282898 238827136
470089622 854303576
15924849 301723816
710802836 618361221
111075309 984134139
956407787 845773967
77153532 120914358
534123101 416040873
264660819 504828187
746786813 446352748
518288530 912100671
976201640 249326287
237556328 701233114
769212157 458256377
169807812 531861625
335640493 476232339
278417914 477126863
701610925 938340179
14558775 915421935
500439848 826021902
909958583 202286811
562821459 1000607447
282889738 276716790
297958733 55861466
51944369 390300702
37094416 482190578
970263071 534081865
971778265 809314357
560908299 620353297
458229551 546467172
273293127 133973633
234296607 301132623
17783718 873482555
606421759 743399562
38022306 697538187
454983345 875658068
965784739 84496773
997637537 993177997
240120803 712109000
189289003 775625799
633380466 886311488
1019599645 789107983
968042044 245281062
359467723 698003629
18639491 583903363
940028643 279826202
496346102 82696297
753603882 634975431
980120980 1000665777
983493334 63955761
524528994 938493010
693547330 770660051
125355671 396952895
4282678 994770910
317498234 915593891
811090947 594413752
5220993 95524369
925222221 108137698
798334764 118937689
853225333 181339883
192742973 147902195
311350830 691060995
141995371 578773703
520065652 9009074
924821004 717233037
940324062 140852784
385322890 54926864
776330558 424586621
1046959104 186456131
654851494 78247095
431110146 486551131
796756391 300623624
578876865 236305120
303322710 762250426
163182917 596705810
608655240 150075615
245590266 407199084
1027806316 389087433
449228373 363773356
958657560 600972906
769799625 589777769
38365870 905269214
454396848 925205268
283737761 662659058
355763988 974786308
63242754 631350619
80347247 952734174
947766413 971664935
48100722 129817349
204589626 237459427
852660761 198067672
833150451 641597187
785545511 907011422
547730191 802297655
672024719 689139154
982256985 1032369526
572780278 407063910
543712600 917708687
1048105901 763308595
184448584 1056377621
184003213 204198059
1058416163 888341392
969614808 243448815
100806086 141370925
543396364 137905345
728829604 618132244
192686065 207116567
944816049 688739638
279002764 861016763
131075436 775248735
412577616 1015477136
317163521 611789082
749880275 53884833
850458515 123028716
677913237 882135494
428524603 657907276
119908962 150206550
54230780 725660964
536082728 655523190
725776496 958430762
1006707419 435106070
929728250 1017167928
796148013 515266868
973097590 47525146
251216985 424877747
877037698 574147197
50630910 985192414
526312226 966047486
510756268 180461864
376629072 844842218
436357159 327118640
648506898 366582495
336979740 614154800
601301307 300101213
214202982 251986229
255878933 623908688
671660427 174627240
1059881438 269461438
953533424 580153600
622916537 22733982
515397834 454142608
732422606 935681401
986544360 243482808
944206500 891017531
499849945 188524398
417475910 1000081178
674490948 491304336
1018144510 434032337
693074500 995283474
429030848 149635737
51861223 920391666
551221033 30394903
121469994 762342404
316513410 740033026
178280910 951957186
871923531 706648792
385698583 153457672
149285271 766319770
111043811 171372674
915259879 566639802
845674198 236922385
707175826 650638993
489322229 562762109
1046769285 827541493
887965700 484251723
652525837 980420448
1025983237 53826552
230172725 511235555
30032736 1037549236
800530170 503414986
1046361123 628988368
969625863 516410165
949745440 955824983
130192894 194866158
823823572 475459238
1019446183 625359182
474644368 828544150
721271079 612175955
274287991 826110099
327241021 439071932
571431861 775306253
417366294 252110221
873918706 626322329
1036079921 683416975
310477337 838038044
908005493 382777595
941051647 646253765
913644625 805052550
855690440 736086572
449161297 343162315
666597870 266503365
7720016 645361476
222591311 633510909
541647625 726140286
245948974 936747693
651312417 235332202
638177184 1057576241
654519541 215899787
973244438 604629710
624811783 703032566
254208770 581392341
2219694 683703735
980551197 62171520
951606451 11811943
399461318 761610552
744734589 529617375
976904739 437479368
989118764 749517959
504129537 517163940
951584519 1045348723
493538802 263325486
598280393 580460898
554165391 158439250
65742650 663010178
2248251 426964177
709203217 626414067
1045097950 477912240
77840272 360236356
213810367 548829101
793594878 17951896
877532140 1052147587
1033577878 660445242
378405625 260173914
276011741 227774439
434559043 232752693
586803842 4312999
402631234 16840896
51661012 346711992
855100800 99186330
857805546 624333505
78425064 676096313
635115146 826752259
616789960 625512595
1040585763 568577999
1031914192 1004873514
854926426 1031658355
702875466 938314259
521909323 680632440
707298562 131641090
183219896 945549333
534867047 1045195126
483304615 505200826
164314166 232847752
315358265 330184156
791954366 869111122
485775013 863369150
272400269 75576682
786953387 194708469
159629438 974178325
815864700 517789883
751957371 123787898
144566596 709261723
347855726 159288102
338564239 680352898
1047672639 310582960
858648493 587292443
651699144 28456748
921133977 541610572
918781331 718019285
224039356 854493278
55495270 910836816
412870916 345731432
200868541 198079869
296150718 729602161
727266803 315640816
547681464 363068520
81460745 1007134633
227927401 391261350
977487282 420465601
450085923 290789285
404684359 557450567
765956535 174758046
867295834 190182397
683022462 42567048
212398139 532428505
384820223 242826639
1061701562 736545171
983626631 203169290
1034958842 27631936
248903800 905027968
270197304 1003848584
184128873 290842320
920102867 165984694
355103951 97564314
1037258909 1042894937
164273973 260346088
1055754101 447874249
1030986857 1015952088
916397258 125900936
498348533 52207151
577255100 907362238
943323770 148112910
788072308 927070202
939581532 321817067
696183214 278007337
832612757 1004703972
87152701 889886214
190204687 27179602
1029333087 649079219
64556073 32767978
399872321 729353192
683386323 962401428
78136291 442593393
669274380 769399440
822028559 820579701
63673184 612770057
34884978 364372917
441710990 614120987
752927835 1066158188
210263595 870106237
1032767455 219107578
652202666 846205853
334836128 707854709
835722108 760061255
23820887 891257006
582678748 775075334
559630615 325515029
668396118 200912872
330639614 932151279
288699502 121256360
646724011 702214658
397756835 988996223
28417617 719896844
205372450 198089005
514996155 441699365
1062802858 521872043
174450399 787388304
1050161035 352644141
524576507 995879942
356394896 689565778
1039636189 16817395
912305701 423436090
218733605 105389319
900808941 678684920
387868389 178062808
909985298 122851320
683556044 363538193
545576346 602308822
434822727 234265877
429816703 757842000
736129270 951197916
1040636658 902135257
1004993022 1018885285
106583603 625435304
283804304 278860645
326427753 514810496
419119796 712005060
552045877 1010367242
263792185 928140943
640981795 533131653
268922175 766044736
679810030 788346222
604998306 196483163
282149834 451180189
133742711 78798409
307677502 396079656
673314984 1029061918
865021659 141267179
172887169 488525111
616221492 509472697
972632327 873938615
59569774 229186065
778767071 169878380
366632832 862671817
184752644 586286594
890560365 632508319
609550581 485400285
798003867 328039306
135921680 351535107
673712704 239864301
674325717 168063898
451930745 511650713
441131788 642911762
430004285 769400935
213481202 339944393
524868741 436236373
650404572 689581449
902570917 590142626
1018362018 762051336
806242099 617502950
841266026 83790690
117885397 28739684
635145403 710297346
77637616 130391183
990472613 129513210
428890631 462225489
1053617372 826533336
875003833 311411597
945596198 1029145516
524537133 124104488
864716790 707483057
141417591 738070651
198409352 257564964
775096645 660647279
539455949 539526780
279723863 909921841
140206516 569720864
990904431 536967101
896656564 682674714
989106141 69307621
429752479 100462243
942465594 610005979
620475665 609215252
177717481 998417757
1000055080 597350927
149024382 134711771
213011777 83604866
635609583 652299079
452086592 371500579
589266709 522363146
739634907 459577080
743729323 761399253
496513286 760694220
482687311 936289663
737856395 929932071
540747958 395102994
806722642 700150966
543592758 168123220
241368268 554574858
973290487 348278363
597406574 965075524
23833591 622441833
424327548 886167009
229296452 859417180
793129845 409224380
657558165 21155511
963292173 1027703152
269633231 1021433571
1026910700 569507926
1041151329 636964859
19724947 647114939
206017740 103269013
235032904 96909224
499622210 542420817
203216443 467148332
950122853 237275359
546288664 1027890055
1012915410 411900664
336748247 168017074
636367184 676063743
760984515 844430172
291161763 23590392
68492441 719203032
1008674549 172118017
519831252 458722079
843507975 1041286552
12170884 335899911
835847067 166006702
931546497 667223431
657685707 541007645
85661726 508587563
74832413 426052429
175891481 884053445
597133080 690095944
487357943 383868991
543638811 803267955
135476693 688403932
1059233180 940081613
679735510 44592038
890018837 705312611
194027126 256475916
931130877 197891463
601139512 559128798
983869900 990856779
195521243 354196091
86754687 991850470
105809606 760407357
1067964382 476083512
267284909 1018579818
964899100 922566309
689365644 635857102
597790941 173893960
987639562 778047091
787837572 512179931
731413504 778333064
885651828 142707408
557722057 184766068
970870674 540590264
849154278 628592954
807251956 696623302
610699832 1041186042
154677412 384548745
714521470 322502200
948376195 778410430
333866768 444879360
162387946 415488958
420045444 623827741
213253691 1017468121
361983230 168583635
296310819 18970001
565625757 86914973
315453383 821207195
582322091 733617741
589754088 371305146
736539840 30501024
127778337 228130969
841261937 347095122
404294330 73909137
1023491594 165626619
656222438 915861932
560571794 196059415
520591199 906883689
720405882 379301279
112533724 976950253
721302345 586680834
845315927 588446104
395573379 826122834
108073969 19350331
506816792 723508772
213374445 895699255
537886622 309510028
514006914 163588557
598648133 169791957
251221371 86998430
540411860 714447086
941852462 688050848
601664757 593432700
76586473 849742857
684500192 139050826
491108053 339071033
328834288 961124245
699015711 526727349
255703481 510448123
628107533 827421889
34894607 839791441
847508726 576638310
115759479 783159129
885403520 576283051
828370518 361222645
918561256 105788450
338775927 33005875
763288963 1034232541
906992342 817806672
782753616 1030230892
508419438 710481592
1000898616 546895653
680683834 661159638
180693016 193965411
567873381 752265013
166836410 742813474
414963334 563627249
7816971 259093302
272290766 718343139
479343397 604758751
765549384 619700033
258571550 808902805
636145814 583155298
457953252 911211074
329585011 852941449
675172300 379537627
1029441170 184084622
957309700 531484824
570428415 784064792
509077894 292159287
419429713 514663704
237965598 530045171
686262828 522138300
389404475 526182875
433868586 944370705
273690011 966671547
290842852 296847411
713252364 515239371
306402160 349545500
870558770 937770696
1015653550 889217378
151277790 499205025
771861288 724232123
336050224 701871232
692749996 682201576
592528771 519802659
645492489 435357458
296352264 1012847375
69400192 378036350
495977604 414091479
441594914 192250947
625633982 499023346
281050848 270052350
873254481 214402713
651301023 480234613
405714650 1055930027
672424272 601682199
4890236 259666996
149702491 927511004
399018267 838854379
931867812 437986918
392231658 271548225
1057862443 545767419
387737115 261310506
153383397 197549849
356727308 951341798
547372480 294177682
909486019 360684344
509955202 119978169
468545290 956189603
810779662 1030383651
107234709 540766577
716609816 88326895
743605527 962878272
480752761 314496283
871100536 1031332930
36412486 1031887574
24062880 468077868
472381156 454321580
746537092 651185533
1061016279 173978599
972311916 279470536
1044073904 479866409
219523468 796136412
351259654 801694044
725214345 413074313
609656280 214386884
908132338 952769917
971737508 619666052
302472298 141865652
413588859 884669238
652823590 712437896
874550880 290431804
457841891 230368307
583464091 120235663
746780251 30681152
804762659 147107279
702832790 78055360
739349071 912437241
710161599 374360890
721591245 250771759
880180974 23017292
201127609 36515135
682049505 618181506
407336437 367498617
401425542 897166907
152218604 721321369
232064010 982185592
820576710 183878475
1014411241 506000877
701132440 870056832
97174149 55376341
420738188 687349712
195258161 244759297
532612783 534287714
266776302 533731398
54240473 896101790
364881970 669614189
316581904 537944523
435706953 859225362
125511144 731467612
894744552 194788732
715612806 223200748
866368396 147952156
611399813 256936565
667650838 783958134
204686800 220949665
56245735 888962562
365790949 708759306
370668609 801126982
256682063 699222824
37939850 789155430
790116701 275993262
809406295 424317487
833032619 442868160
812160786 41496950
607926390 1052629787
193346559 483954418
167491548 357322209
846056352 462460849
563465258 280822305
341084884 132814209
107919590 4568634
761858714 925093383
315361884 879065459
284908824 283213933
880139302 426758085
388810712 715944474
982479 106355626
609751616 820401186
934964226 802722213
10314043 42575686
499271558 442332853
185236970 589447250
851100265 714134550
238887080 518603333
666075949 565020459
955083699 817999057
664615586 332075741
349980976 525221500
98635330 811764002
565950036 87596724
203692592 1045187595
668296400 436326358
1050569347 534622300
1021895548 709724000
717256135 785711503
218281539 955445491
597258146 1016391076
261635441 410290057
912010968 269849622
95535721 259705246
623015905 405829707
640164702 23484716
19788954 469506699
923724176 924717180
488164386 105367328
1000283107 483216864
1033606172 174843362
765557272 966711769
275353045 955837532
739571470 499615438
902665881 1037768920
570377537 493072197
215346427 33374991
951603655 520323399
339271865 621310053
710989060 1038702480
65366091 736557137
264666049 391083441
1013904504 349254140
234365145 568345860
785555346 775355583
173818260 156776697
997852984 796404453
166496514 549570947
903476879 451009845
356851338 242246502
545939150 457048976
262120789 742008878
649663930 548257785
52074567 332593220
1047214865 2343909
956193523 812941973
327617743 225497380
168664179 817487733
144929712 1067292485
668609216 536897723
145387357 857080125
554271982 1038630305
567109946 408741922
568456708 572996159
517695271 984320174
234664321 906289950
523144455 721506498
434221596 957020705
146599165 162902976
410369838 730222603
291296737 878350363
221539375 790822236
45430017 18409137
526929416 919528670
660604014 562611100
921387694 590356216
674294936 588453821
869890230 123872975
33502305 495437036
261471270 654288749
367001004 654220106
172487924 573421881
258417600 913649919
240324776 808191220
67062302 1006727006
872053394 98782405
922937651 473756029
553059323 1035760586
437208731 1019182744
72545028 1693284
785423327 639826202
81004702 665747385
828051258 1017998651
586380156 118809246
68120011 86829593
755617346 775994583
1000955122 627831737
384820089 499016
356229478 689673368
68488925 371022657
1064683076 465774582
654624574 637833148
585806450 524571068
141734012 471897097
1025935533 243152568
364016540 381211919
278136254 589806246
834782616 271988310
933322761 544709959
446054585 703611751
1031697020 156644472
744610041 564023350
603919827 192621320
807988744 17956169
797119045 337363078
614255478 977992409
619402095 156058123
888084943 478852239
1051438426 565572323
937950901 901670545
598181747 398722416
1067506188 937039171
104676250 21991036
195188566 933171320
299449580 58578682
1048322107 695422617
492154263 347498681
781156153 1044978614
859108219 97222210
230469064 204177520
1066100729 860960420
139452101 294115359
1007625675 710763612
518071636 999302607
285670993 47710058
231456217 33728697
128808054 126042818
1005174217 870360680
317425747 840631988
170498376 956517826
328044462 580800365
41516544 424140962
865459341 727456270
191528118 495543986
366191052 423814022
975817870 1000342692
782050185 490799435
258097183 18138282
739071567 704696057
619875180 330568800
705757352 628687847
89236621 134114517
226918180 353374005
1016059492 709411354
981701177 23066854
434273975 239030187
1066300493 560978953
841115161 1066623844
299434343 763909832
610049130 725627976
435702150 583388456
442121783 74893414
737664208 847674395
515954211 1038749827
889030072 314077625
401988944 427870692
33474600 783998093
288177973 1011246218
1001995347 751131263
1042495 680110148
66357409 980151920
417889230 275247764
307012179 247362384
924471611 775318394
100411764 237947572
781865057 1028270389
1044599226 99373040
1007770587 1066289874
808443076 981627747
396742665 710075934
924657151 872221693
819887692 982424214
392416603 814686269
106816198 717951646
815627244 745208343
333949073 33143038
267932098 681533309
1020036502 282794614
360835945 288929142
750235390 1019320907
786570376 96477783
84581168 776494017
1033518597 26080389
632267746 1055078565
275670650 695519272
293102740 178270300
811144781 332566396
93160745 341443662
644374070 606748211
442095531 765971753
572234533 679096896
126118607 243321941
796927897 1058354676
29028715 883145359
125775326 620122979
132107533 867922487
546227947 668474014
640418919 729365679
121515842 963017621
590061911 9259695
192141138 909414095
727191808 617036626
198458114 703652839
299164578 198722258
89569770 858180212
93342935 449159237
927084263 195547041
129585231 3347443
692450176 713053463
485355389 321870831
863392443 637814677
1028633758 286225546
970702088 276439217
110826416 36099040
336703627 988751059
454094055 301220213
114377438 706066537
101863022 437669504
732469439 765306256
376192684 739972518
655170964 1010781933
221461749 901991101
877685071 205156047
593485725 400371268
1057181819 951261790
254814018 532880479
814491882 1032580298
328596497 15513371
470395810 1024096364
210020873 269774580
961004637 646498053
603879614 236878013
870563764 643482789
718821777 372765379
735379173 889910341
682991433 873874546
994288462 964203042
276232912 112051096
914387756 112071990
600247278 171155943
1067775867 594874403
733557496 21422076
657616997 267381909
988544445 881719966
193626194 423367033
668083096 969057808
627169343 195183884
799424578 681506411
929533887 555621496
525814792 801827379
446966010 596786789
785169020 45891422
755645740 1054268341
809266144 391710504
307278995 107311052
27932946 180299631
336056483 603425435
905939211 865008739
324128684 1026624629
1036369407 977174771
405798991 504729101
101806794 171240546
576261508 555160302
677551136 920023482
581399626 404058547
692996084 815494903
703466169 1011851487
301518217 168729652
630307025 416569262
376304984 734377047
376354479 984587203
361979502 177570592
321286802 474819992
219052847 91585918
470205586 416082147
891877571 343833536
167085916 1033697187
945214305 962982344
870316288 283071293
970692036 567184110
1067612848 419561728
805187785 263760220
664816775 568075068
99316433 43824861
19139324 760451036
760404054 782765715
504340502 454155295
760365869 964659114
1011838292 963407084
529704679 113578405
588516951 824732265
1061407860 862758754
462508345 140994027
408635484 561965404
150560977 253573089
544563278 754376086
701425577 329600382
854820572 414804666
525858939 344095249
662577154 363969778
234974769 208481395
13912728 5996658
612005609 594833648
351222702 1045289825
187738134 483567975
509493086 772688131
1051154707 410429419
1012302671 736180782
527305680 565125076
621619095 83934487
299605132 777153011
458574127 1038762588
356500127 155966292
824591556 469032106
124596520 913475617
933802827 808063246
149080180 605224357
839135552 248193547
69194443 90759555
595104333 848385209
364854481 801034961
391577991 242829496
44443611 666565619
773266267 799880131
832060909 405924057
1055566669 873730641
1030329614 203735818
333995230 512238176
512296307 879196270
755171693 284703928
119316716 933618105
95669144 172122736
235213987 849145858
610508210 452250566
509196329 327730618
307440674 64482490
534102371 909275353
931531313 369902915
602398650 316880296
237722432 232383412
671009174 317029673
282287402 820769711
367236705 221808134
348758914 43348867
303290766 365812956
718937466 674419264
601103120 258351490
62210092 611984858
357449053 531966130
93563590 140060197
357917771 1050278086
535802503 287360286
159066570 34044441
447807963 339916024
926086101 905187484
1044160065 1064301106
596148548 440461184
293738430 417411209
102502496 699171488
752936945 503695923
41203002 409252120
639888799 816756486
652211692 398299615
1045753739 256671466
591322300 428353193
315283547 284491517
478219358 757259162
419172886 158031178
465040129 703350359
770894892 889080152
70939999 255067623
212508686 755706588
951112974 328461620
757729567 432748566
240748884 443318477
737204183 304192751
586115929 343641862
804468523 544789406
353006389 649644725
266217704 496519208
954640190 453849730
657180106 427886370
103269290 443291378
188899091 325920058
1034836938 341167423
561816808 357466472
840182592 46776916
459554793 1063359312
1011853421 989560652
356109862 1062457402
366350127 458800511
591941885 702717494
856480451 41689743
444036394 727642161
715427285 140898834
181703654 792877545
175541104 256571270
105418023 765667078
158603097 824380446
147129917 732547422
651773239 165139771
154615602 561336540
623019314 164886554
673145066 506506773
121234047 24718290
208688170 887866764
702461513 545086661
460584105 223177112
652531334 443250453
501037455 783504625
608486951 73302023
921096941 617549961
561476016 824164508
1040493424 938972332
567736680 648510091
377664249 932283483
1004016365 453632013
636141239 815331769
333316772 471112866
1043564049 851812092
853580637 937220215
818475201 832762105
614879399 434331872
522548148 842950597
672681680 796141136
763652688 1068163425
173365993 339333213
834118553 1043358232
446740447 380396265
681732620 529687886
65944985 751962805
539074902 763759012
457998960 635669464
805940313 475835673
449568631 986122524
278208677 710553145
958251936 1065191628
89848569 569928938
258225353 898711760
139093957 306995986
560225906 663035021
760653695 558257957
259190147 986339538
863799227 440103166
651876785 119337724
175549398 337064862
718910345 963814837
407328236 597361917
382220533 192051153
912989043 845893556
124096289 640845291
438710964 698429431
884069482 600042318
847693830 61675482
51831525 711228282
788785983 668152027
535816972 858273781
207250963 631219033
772463843 590412833
505402527 941032993
473716505 324546506
216501870 571372406
969513227 975235639
950342618 913033901
633452100 903687853
320360919 159725904
1051821365 984753973
450117690 48848492
612010963 486918088
854049805 597179458
693603163 1020693858
138247480 361238624
378786956 784115102
573248255 853431772
326532972 578841430
58385493 235604809
177043811 209524073
47254550 491768328
607964857 819301015
935528163 648048536
105626583 133389187
740913697 973973099
714024638 370215255
641527877 1045860487
28974501 291019841
575692566 1046219288
724541077 103319421
710284811 722411334
518275938 382764462
727676087 942381135
54478038 129896175
228787518 74414187
298341716 895232954
772145760 304338693
89794286 1039611502
1021502125 323472671
941166448 795860050
697776571 866702963
935634536 452990584
694725872 117267581
227320432 61447921
298910832 748068741
86620207 309494973
780085811 970277159
783006915 990257440
216363038 934387003
1052728045 709300052
13957586 165641629
862848868 639108257
586719718 380480898
547910127 1042435798
666036134 555306844
899453619 953502505
190087754 468026525
98844192 231948800
757049888 877922671
811171841 369279827
319997129 89582224
619607138 619444643
336933923 1041265360
437689220 1035789669
191538761 868548279
588549738 514001258
917353169 453714362
949728438 433997917
929245454 3082074
1064379880 778836254
243196066 361892212
564760656 949914576
831701007 363386152
791141358 718079955
511034835 223907445
273112647 733760564
124663191 994499966
447911605 88145110
920485621 635025270
566074366 817134492
862959440 830693430
674462816 844734046
995325897 663325273
163897340 363148582
804063718 1050181236
79086616 900970991
595610916 942242423
626893347 1657390
991590797 301594935
1012371793 843567810
739025045 299674472
682610304 1006407338
549600254 450952937
42007666 908767632
418621103 545575574
283295357 812458677
1055056401 754106363
624403124 832184735
381006677 918920092
1005051153 318484475
849201098 191550355
491754138 625260664
319689040 123361159
633631952 175347980
44410345 857844090
781597334 582024556
803577550 1011375386
130169132 825011496
658096453 958703521
188742633 535867966
339076606 698990574
401275043 299379613
214645774 1026747729
973895014 119855498
966157730 25215087
123956070 397727596
950768433 575798220
947125547 234558495
222406212 711350026
661076894 941465972
80114808 148111300
666230711 952716495
670196635 560154664
1050718768 321515709
596889339 305391913
294659808 876444870
823448019 41500107
687518815 1001315323
987518688 79573108
852441317 206838758
408945139 454342612
899193169 731367127
455487170 729026307
590023753 487174689
791507800 37059878
527427186 370562640
353563418 1031838126
555076450 698871183
652555275 44346077
1058257601 259330790
420944171 852230439
676142392 427830864
274267011 164241627
199728544 100981241
1021117345 271316507
1011106833 739879214
506479329 532002586
986038334 480528010
64222968 447936948
395794938 1046503018
985035140 1001130586
85111850 413367805
643264769 523843475
60627293 319862693
871547949 837783679
865478681 937692813
700871570 86027876
191733719 958256319
562373068 164079202
416377241 446859407
990478191 1044113448
148764772 19987226
496660851 495029533
243130904 270827533
29536222 954845419
657736248 673011621
291030686 1014860860
24411640 356573707
242370057 203435623
177737706 838085395
950521845 48229921
785908080 295725697
441002047 33206989
619311189 265586044
519797869 629028646
5556464 398704514
124195105 101238092
440454210 481247585
914859787 986918744
1037718329 110929143
402081477 514332561
968847221 1010026496
210416442 743835163
367282321 9141452
181001150 120898066
763788674 470776935
246851642 334394599
207170036 719219995
489764564 280621270
163397831 765196376
1001714148 247569995
992304729 777289523
708332726 313323269
984521893 95190280
241583926 24052232
832548584 156348984
77670838 567481
642432238 961167787
784518963 85648938
820515397 114727619
177118188 246662667
161779226 417470089
755695887 91352283
419025496 333865178
23185416 381167019
513965767 476392470
922367070 133497654
97233402 913330369
327567145 445788779
670498471 423950408
67685989 173075829
4717292 994974538
867823753 694632376
775221812 420522608
540529453 112268984
254909445 13415128
80013996 38968950
811017259 137651078
215212954 367910180
834631038 1052371087
970139882 570503692
154695397 457015030
689705552 772542089
927434811 1042548686
691223317 938728206
925322268 984612786
398124116 569476478
585747297 456830240
393272877 331428334
61726954 720475810
933147057 978134528
940533546 21711903
911156610 871986321
511884094 339327770
481021207 732674208
242644649 237588670
5289432 996001212
870831595 732450919
169191152 852001705
537433942 630788846
554312121 176831755
306216130 1017254996
166153575 496319523
167773844 607689041
993323731 181530343
299975826 808971952
678202644 414637724
368426710 79185682
278919559 335079489
1026167715 424631008
55928057 688901553
285844019 1052602652
911354521 852899785
622357054 433906265
509745033 594658508
458011681 616552423
200103454 209208541
910688880 493071012
490372459 965477966
859270587 743824496
1038814439 180242916
1004245936 468214882
880512530 500179439
192988264 54628720
321155598 53235015
712514269 86622926
661177366 926361566
434073166 771538015
927777434 671253188
87241341 494278728
46423520 165684337
833087863 781561771
379008509 468880593
226171828 996514273
343023022 986706335
174631266 686878476
908034719 229368375
520521224 638888635
520170711 58707249
751711277 963125643
881370487 920397847
948868304 160806734
343886762 523882588
148372138 1029576571
198420936 477421941
925629055 52681579
912956588 747760833
115229745 466075820
348159966 66704437
976749825 380080814
675075578 62722769
650168721 747049972
205579361 443141630
722652034 683745726
285149838 73571711
770031543 956150502
796824495 628514896
94347904 345228326
721107707 655580453
34454669 387385679
704446284 1064395026
619851285 997586688
97877995 778308715
599718083 261654334
821924672 499971461
1015633080 561258084
602513897 554064482
118610462 1043082108
292457290 635653480
739404603 941528602
831367748 93858161
143805619 589654769
922525822 802298635
409904188 495576071
594706676 568593170
4546980 352099071
413954653 361919344
690898247 282911650
973809044 694863196
320072487 954640919
280580240 493317784
118488632 1036876133
584765141 688349022
65838165 992474980
674034989 315293610
864271986 250606804
1058796499 668265898
401902989 635850333
956937137 1044748624
607531452 649012967
894407091 408432416
939343631 67660221
56004283 460024552
509797874 456493714
513060766 1006446404
953663304 239602957
904961883 741493559
638164901 271725660
76297088 851598157
404691203 581977083
994329951 624809616
279799283 69204285
505491981 971368657
999241273 534956294
403951797 902576198
532919199 563255182
563758707 12162230
629270552 120761766
590727538 1051900409
571283953 585726443
311256295 663855167
565984860 540754343
725827273 1067448624
871020299 100561857
312239501 646377693
484302360 984845168
7128910 773268843
448071020 1000424530
1046709609 943332753
274130648 720968842
979379522 89544797
319603312 777820306
135564240 985355459
1010290787 1052028259
193903394 549895285
301484747 525733738
55089014 313031837
309091663 609096076
194008591 276776501
483439594 532658431
209449416 833678039
906888669 250458950
867375380 47036962
252198445 765100200
177978185 840696251
78200770 909940947
270930540 434768326
552852065 148980282
216528905 774474217
161656139 1027188354
610140336 788212229
852247114 872771932
963972631 961096873
38446849 233476728
516179412 935936944
594950813 75443464
883756387 481859809
260218315 367942170
622947033 952874810
396950467 1018185393
369084056 427927382
87234508 1003740431
30179833 300732402
479119533 34024224
583340180 747983653
426810234 381136273
762411564 244306484
556432423 365518962
531928967 429057395
1245179 446053751
386453809 962774082
53996467 793038217
200950962 125864921
476383096 256837058
1066684483 852182146
918451002 1046266247
698098503 613553486
665153586 666192428
668842954 608170041
974154942 101481338
897518589 166546867
753216957 725855548
760475033 767800376
840576893 1046639588
1014323278 954302645
483146977 202139866
823499651 978437346
282787831 590150793
776532301 234165237
668583253 710309085
521194671 947303257
781913796 351413122
1015129410 929825114
1005107885 957253821
839290015 105268233
951984751 459498781
341079344 732233058
767548554 539461933
1066202850 339565947
430048200 1025869925
601154083 877433282
385182961 471207204
93638674 521855863
853985413 279028842
313688303 277370172
736357127 90085309
438099114 268620318
76828002 1023744868
548054720 677695881
41172183 124231645
770484870 639441803
245101379 108654270
817137594 83219672
218399071 954158262
627446683 725884002
417605318 9798056
114851019 94929579
104081719 968011697
142616030 517310054
30360360 14040195
48587289 1024449711
636218947 131004422
731278618 1052384009
863369000 356916432
798204030 266222403
119405362 542373865
125686551 588100160
620485057 416772558
45198545 975917053
899697385 252413653
386302735 137580264
286552207 330377433
993847336 107171246
697281700 444510812
994781490 804503578
225519972 853535096
161528527 709707109
292782508 537396653
315272753 80737476
757250488 861485001
246051468 541685831
585941818 28308750
84361478 179095345
261428183 809521642
39797750 1044245587
38593034 409212023
566079778 265750864
590788625 274428743
1025810377 842637410
275195303 525266864
27184450 39575445
181421129 589320846
931994875 708530737
747803286 340588703
795501956 260423827
152279059 454628113
647822903 402098755
5829944 772693108
381990800 879283416
911726336 426321049
472146649 326426871
133596882 711036712
771709635 196472673
977940016 899685516
866063871 738987335
248075600 753858450
435857869 727296524
6198404 164434106
643387914 601993222
1013408288 1037977552
863290272 342581063
449586741 441085798
190784146 455129047
571948293 346630966
185208264 586728985
299517437 712140628
497598169 355786581
74046830 674439253
339036076 547819268
834457480 971082898
329034376 64013221
16402114 407048420
229918029 658494711
598521741 711221739
262003078 865562950
892756882 669437330
86314318 883327130
114394180 953845993
463204604 735770474
341677420 628135346
68553945 630212991
653479531 761926690
1016120943 344169860
885440109 1054323650
901167166 89187338
688497464 58386925
605464201 313703036
348033566 374750811
351596538 549566557
742191243 994202135
804296273 296384658
794466828 465310270
495246280 309091515
137739856 488700778
680410154 327778430
855447641 717960103
591618042 38060369
947294613 25656384
444411194 674699924
548296934 422285681
950395989 917799750
266050131 434776630
855124149 309451181
1002707049 897975495
438771753 392135800
75216988 902447908
891381159 143279324
365356503 76686768
483324206 727049693
92352542 223713457
544206458 452867664
150962326 96462986
131338774 560368673
535044747 693047190
595005710 563662361
937682448 664888639
184812143 706292964
138532821 740076152
466652628 5563463
695790422 975249856
1002466613 346648350
592365289 314566234
604648685 137736976
577063586 720020363
233581319 829483141
187265948 893221832
252723794 558006546
70495306 436637204
464176757 955418715
94359428 527513352
756402294 529073481
93460840 623582182
872371014 783193546
981344021 143475794
600342437 189386236
57091902 564832231
109876679 509635055
302971698 892215906
189792827 600287739
431742216 484729078
790848591 727969451
671085064 586421047
976717609 1019734526
762617476 12856584
227103395 403144162
182602834 860328787
374657483 318797441
1065709100 457221727
1010834702 354754324
653726074 471808035
742180523 62090889
965014261 796903803
905331130 838637742
247310103 172160133
516828646 627342630
484219064 880072730
785312182 466714969
174033673 1068522827
527759522 447161044
858218436 368680467
792508775 509864745
501066157 1000272434
375009483 649909756
362396742 549237672
595114908 787891700
331892066 396744642
553536686 19819006
400830670 876587670
860920884 931156982
1039857915 491599546
812765310 419002491
926207194 469994994
664625670 120592013
410595047 545656390
1031295922 146016425
18656732 377148879
951518364 533457366
424607313 678311399
91148919 612663179
135941810 413498638
115487908 340553584
991296270 430259659
824954056 597550210
622262280 438079191
773290813 13805139
672614267 311718120
892400409 41762864
565463509 327511298
993665772 120637578
378925244 113933388
337428517 1016557254
517494933 400624741
260262130 319647868
670232661 886689540
291892597 81178213
870368177 54861257
267353612 247946508
396804819 102270752
763092660 171337904
745732259 871899346
823212127 1056690295
855660928 275662012
862148750 455032454
521464591 841168497
897928528 855299843
40455538 303597585
446094026 419121825
569342921 41110368
464719414 95095945
941346438 758369734
178365366 80221920
837145919 220314161
143449234 447218222
172253877 1002603859
316825649 893183086
24820960 573723442
959716721 138602418
48461867 46139712
1004705280 488178936
746203245 566488968
125912196 26661561
146069910 947175743
996707723 529506289
313673864 769585971
545971126 118779041
1054080974 862638904
304964068 730365079
385240853 637201203
478227333 655089971
471406069 1005443587
83055741 370220901
428103363 824724382
262003900 622295618
976837568 602473452
295743647 675271040
393954278 298405243
946255956 720269676
393877303 798918397
156983208 943407479
657178333 870664074
362291901 758215373
21258255 261825029
618894902 414198496
938438262 534236393
65429829 1046157823
907107074 75231704
657497213 280814355
676252261 612404690
69248222 46571679
489015376 138281088
1028123438 360938019
389973590 33087468
1000414255 448918452
346023108 264881679
676797948 278961474
457232938 484961292
524642295 176054111
141332264 477188326
720520056 434127984
587180321 135117547
950035158 540415778
675570549 104836232
383015745 270546548
362291317 1049510284
941140867 64321931
318265278 1062887699
236997562 535632815
647306720 826782411
111805412 893334000
948017294 693868203
1056670018 402204710
357144263 766380400
94628902 219738650
1039693164 1017833446
820817294 909352569
650705057 98476542
278661510 667672375
568057188 995873685
972567728 54215620
939671488 599331785
890658493 364598259
390283943 471064433
72781889 277621860
15709135 58593720
214920589 288330704
160351984 509766749
1021506285 1057080573
597092398 557911836
736778663 240941761
572751438 598687941
846474771 492429593
1000916926 913171222
70328805 574184726
405145426 188028936
1008902272 740973480
648091336 656696246
322755921 655172599
679916408 956756401
225806749 256688045
116223591 812016161
200672535 311067756
643708808 885499190
100525975 22239794
333218267 731710778
392943502 1011862340
374910395 106695002
292432261 360538395
431287861 81985851
857551842 723061995
1018617177 610223708
318238700 835029052
1052129208 330990569
536091394 450068854
37731612 595928219
629307387 265655347
1000011621 100126744
424614053 463415930
116294779 600294648
123879590 804149721
414239246 752297079
599056367 773344891
759565630 437906497
894716143 560086761
2218496 1053781374
326634536 408638021
704826710 101603133
654684628 749987600
523737598 380053473
272405742 883128559
282840956 198161903
267865591 901398247
235067385 344282721
30211494 187597133
693351239 253647598
1038390078 183638596
335205089 968760194
1042285441 848282383
811697726 91898998
602360626 621185740
737395441 39421659
668610181 654141509
517954531 697336128
809881559 662366709
104116593 306100967
285248001 17333524
230649390 1063662981
181751764 292776319
572972414 269437229
413678474 308185770
560630851 873557967
691320714 324605546
39063404 714694395
300574987 828810023
884151142 599234258
469748536 736379323
304268328 480540894
896319360 486822505
522409778 464493487
890204838 359243966
250408291 483048935
85742652 794435531
643838382 379575944
858637876 901003075
634806257 805883152
388698865 879711342
659817272 927922019
209602798 839717453
872302066 491515018
686292274 986217690
505844673 805447288
698495755 1035087853
748421449 1033788711
243255828 417520001
434514718 699621114
496183057 1032330168
777460890 54589817
461607256 473987314
260099626 588741458
132971562 181658403
927396149 244222177
227117599 470721255
598518816 660756731
348735 593377848
643602230 83785875
13831449 417445452
298202101 1034041446
572647395 121908019
941157985 652472551
644238943 662615274
930942476 240958425
86126263 1014286683
1030580554 175386213
155578505 833572410
956760953 1016009265
660719075 388831930
1068163843 1021316026
98334694 414183090
598067908 439665773
573205179 462539184
806292785 164959295
131220639 285640317
16420261 327301991
689906349 693161022
513422343 574992533
969901821 549494158
1029379004 748384503
619577315 184680924
236447995 899705002
681352955 92938259
443695590 850650073
267596498 897442665
433184433 341983672
743668770 939267641
6269296 297555813
615235043 842244604
598587412 796766778
933047782 97381781
507904055 157023001
501595091 21264055
12124103 409423057
848395556 451996465
503928580 920381952
638674560 557439035
19432647 411059343
108534446 41093432
80014060 931821610
739539951 24480315
844729408 226445881
408599318 357622855
986574710 208627150
331300770 99659693
763666524 109841275
40276441 180509832
76275904 917144063
577074389 722242537
368344525 866833180
651916477 505144646
31476926 567317603
587504875 552038725
637019882 215954181
439171811 445928877
83196440 796592692
84342266 224222805
1005258203 355404852
752502011 746833830
623005778 87810273
237104285 665877707
218567486 796867289
98093342 585443616
283875163 216104707
319467268 750418052
367952805 628637410
294005797 992638512
1036939426 813019127
276171730 165823383
