730547559
846930886
607950953
640895091
884005969
424238335
719885386
576018668
596516649
115899597
1025202362
276748203
783368690
28778235
971155939
893772102
291438716
466641602
304089172
229713912
35005211
521595368
294702567
653214605
336465782
861021530
278722862
233665123
1071432243
468703135
27772105
728237978
241892198
635723058
295391245
52156343
1059961393
1015276632
628175011
582736218
57434405
579635549
859484421
840803095
608413784
756898537
660833374
899852500
149798315
964922546
55824589
184803526
412776091
350527156
838018132
749241873
137806862
42999170
982906996
135497281
511702305
1010679101
863735260
753594503
572660336
85384681
805750846
558879905
26919489
360184033
67874300
84353895
939819582
927358721
925156990
474491543
610515434
512248540
300602219
760313750
403429263
356426808
945117276
816205354
706953964
709393584
491705403
844760827
752392754
400870575
980258108
190353236
337807852
770251544
943947739
910468188
855636226
675956762
395606270
882555715
1036140795
463480570
966909610
902218554
317097467
818324777
302968273
927612902
256831493
603570492
614184828
660260756
959997301
485560280
402724286
593209441
121212041
894429689
364228444
873604795
221558440
270744729
1063958031
559366293
1040996273
934163947
396092657
822890675
536378885
791698927
631704567
498777856
181437673
524872353
327254586
498535141
269455306
630222859
352406219
526286800
160051528
966591047
112805732
46307005
378409503
515530019
639516446
499621544
336217884
1003744891
299484516
557776325
200747796
289700723
43400794
168002245
150122846
439493451
990892921
686501731
157450555
548855664
111537764
338888228
1073728017
438792350
837423369
269441500
1069015210
116087764
795728300
155324914
8936987
908534032
201631919
387346491
350322227
841148365
886968035
686540112
771151432
112710727
170574613
971899228
402411451
213975407
66159650
552534297
653468858
1057052571
165294205
810919413
532166411
276831969
76065818
532152604
715624319
913489187
801594104
710897705
1029576952
523580580
866222619
1038513939
358372789
1067854538
352118606
708695016
835261080
165344818
321493304
532670688
278055545
492067917
430828093
680466996
706043324
496987743
159259470
285770359
480298490
324553675
22947948
1012464901
601385644
99013766
470875681
243268139
1012502954
198727962
954165845
968338082
722308542
746646640
933110197
6939507
740759355
211486980
715634524
502278611
376831798
1037127828
1034949299
654887343
455453922
392035568
261612516
87755422
889023311
420871986
373525781
295579977
745425661
396473730
234303054
273069481
