326039
628813
73637
755689
229201
791456
224671
385344
130429
3654
273264
574864
315558
217253
787488
611021
648865
467671
782705
95328
274943
499431
568564
462181
840025
874508
251796
659387
867655
288995
452731
757028
196160
765634
403358
150589
570297
314889
668143
889643
449229
642465
318523
338567
691191
558259
659772
642345
704787
82136
354085
676441
827339
194147
530518
313427
704000
159268
867089
637465
139763
27566
41851
448631
845630
620596
124890
42354
188950
107200
51772
530266
726806
693409
564473
9617
89423
830591
243964
460157
250192
493797
125456
654449
355777
811355
342932
163026
747222
73077
361513
368608
496612
351396
791747
698822
3460
410950
378581
32511
146962
177324
766416
430192
854493
57126
854382
567576
624171
254191
431610
432844
197541
446536
790985
80178
84285
456016
198135
233282
459791
578980
815282
309252
883681
887959
680805
357338
592524
453285
408843
717132
328711
412820
694434
760381
807888
516706
876982
84663
258686
857510
747957
112798
821890
786346
448696
434347
724681
435587
637402
625406
275242
886669
766816
126476
691967
624392
708750
115774
647030
547373
759911
817374
567968
762925
804073
563594
432699
187358
776506
465637
185807
226051
890185
247924
858788
5913
85388
208879
704447
266835
249027
338930
461560
518245
343711
809880
176059
377706
346613
250430
615247
76159
474818
225436
71572
697990
841994
873473
173542
40834
659741
415433
703513
513364
615140
860165
572277
777727
406888
838199
283463
136315
816708
36954
608910
639860
412853
155528
612559
592927
189736
296651
698134
646912
411297
319681
485074
127694
17568
762577
738722
476047
20551
697982
444075
691310
39026
94911
74822
326008
449384
603041
641399
608443
543776
183402
414643
649024
195449
403721
850714
201040
482845
337804
885119
747121
380097
594900
455754
362515
429684
44067
194002
121701
858049
883801
293737
708323
543305
821977
214186
834034
258737
489315
211425
613803
640079
480358
355789
272103
666245
376679
474083
162209
141020
686481
416965
161723
181734
134762
221716
715326
169115
831415
615603
527103
685177
718380
282280
343498
466270
86831
826065
840714
276553
591851
663572
262010
629944
694172
838280
698027
376648
213318
200213
23141
794750
10891
656744
842893
857001
836412
243208
610047
827850
122617
65873
87153
437189
63269
466071
832459
287184
634028
289598
300302
230291
424160
124858
348304
307914
64734
443053
751017
853249
219740
783010
829046
557839
316559
719273
456653
35483
324840
336315
577645
572835
377122
265485
653477
712285
57266
224062
342430
791623
57023
558048
569354
153559
382387
572457
720407
306628
352955
724423
296692
169242
236310
301609
575177
126078
398683
814959
51301
449295
832033
342790
92308
123771
185054
824618
87865
336223
329028
388202
108380
378810
521982
174459
245928
363473
215541
468613
322548
327111
478542
439911
87777
103237
507718
840067
98887
329532
286665
476359
28661
80270
18170
103507
488643
72571
466700
335221
505914
780512
775879
718693
808203
460024
272585
287078
62145
258782
455974
665020
455675
678831
844047
280479
389406
169234
596274
755815
624097
117569
713267
505755
771186
152593
661928
156247
39334
670682
131720
888978
275148
677099
846972
159944
625101
181201
825144
557829
806809
4603
112
193753
831126
69708
76298
529022
38654
751696
107464
543486
337346
139924
181957
233414
387902
716252
324153
409549
104808
443591
786851
240606
728066
150475
473572
689746
129511
428815
313788
713913
141940
851320
381779
183957
44112
557469
511258
642233
245562
660653
202501
815987
103042
789378
481085
186515
389280
182735
669602
625677
548562
381495
417725
650066
608936
291832
589431
797968
131427
204534
659973
458553
66756
213285
545455
389832
870071
457960
561861
259433
886719
799821
168838
30566
95132
117432
128298
295580
290673
378678
444725
103416
129760
610452
605087
239985
878732
440851
340885
741751
87893
97666
443837
23502
767783
461096
848934
284154
149264
887316
339618
192047
398197
294776
669854
792309
247457
791541
773411
479461
646789
341540
495781
168970
800172
597968
220031
351983
727922
92993
166149
440178
180180
334202
661531
132491
130001
695423
188654
371093
492756
475616
132622
201829
715114
164969
212806
436167
653478
434482
713036
501549
96082
775058
308828
442510
702078
272944
348582
371949
808193
569037
621371
561444
99817
665911
221740
208943
387480
597553
801095
853361
91916
844976
620629
491433
557506
389337
770108
478685
224454
267548
60541
793407
490343
248935
264945
654468
273885
303062
586857
288677
175195
887523
357000
620057
770340
509962
539146
629234
802286
427619
372894
72019
18975
121977
466533
73574
698874
48304
498285
817687
708089
171429
164362
814641
235620
132618
835360
788687
357547
137030
607578
231109
355592
167122
782225
659038
406244
774134
633851
819047
350486
262765
332097
779662
843850
450624
198589
880727
842131
774881
554778
200120
413187
464225
828809
577414
714986
370165
359193
670397
9464
79509
388034
95821
371095
870372
746176
659231
387146
569207
231751
82637
82376
131788
97237
206631
550327
810760
704280
860220
277945
649454
334944
718122
813089
490726
453500
52855
340615
804959
598502
42838
514813
144696
695281
852033
730065
396852
42874
377347
73689
449753
141996
292647
601103
465629
784293
476827
165199
227121
533874
779546
770956
776872
722336
359191
815265
456640
148197
825815
542163
323381
255608
171897
284692
837948
613914
171343
673178
67804
587679
209433
360143
693163
209385
639465
865369
341036
664728
525143
379530
203337
887199
713548
882187
222204
843221
274599
120313
351382
237246
852569
736831
573454
706221
687869
848901
471049
670678
199943
606902
321017
161929
568100
171171
537661
514071
429140
806198
499088
189351
869820
574947
539378
751052
308361
600547
185651
489257
409118
887642
433552
204297
349773
885569
742208
248855
308319
651263
36622
604586
585183
477217
508487
453609
29869
285623
266692
795626
409678
458666
729906
757278
834251
200210
629724
449931
238067
190907
387591
379379
360763
863448
503256
158874
320234
783662
616494
360139
402697
315032
734955
424762
662652
278710
873945
543143
610764
417270
248283
322278
235285
674916
882259
408296
84613
603813
695233
632968
220341
249391
130786
437807
109741
441164
382527
561428
654914
587725
580090
622316
839181
86603
725554
685893
811252
743771
311155
687452
416474
709331
417429
34107
653421
522345
131841
879584
292474
787281
179459
249804
89578
774695
203389
459061
224298
296528
543309
792326
779131
181751
99763
398148
587392
86487
20356
219290
607781
844597
887970
45212
138022
610772
332035
476433
11452
302631
513807
96480
454339
438125
504546
663084
105820
385192
625590
619298
19218
601167
810306
88713
18350
768452
441796
538411
444215
394766
480126
32893
554083
479760
738502
711843
528064
782008
279091
128170
667197
572860
878023
30418
732940
72061
370071
77234
347533
180622
887256
581147
817470
871161
791827
44421
144461
458317
825586
546164
336145
743398
596442
674503
802551
99919
181142
541771
113447
88962
454650
84431
775760
439648
877640
292837
175887
594593
528072
429993
540174
160000
777205
426660
616564
768351
105065
772218
