328712
609181
839489
858793
421877
641142
352589
37532
201158
461618
444294
599537
83237
310338
834296
188843
457634
664274
644366
4883
24566
725546
860607
156984
217736
9553
709548
669566
796517
78710
287917
780780
674528
477626
327615
624286
738184
264576
673029
434636
829786
347841
800010
695070
788639
738023
699557
120886
388837
487228
527213
415715
348477
508828
241958
643660
477368
296087
559264
734015
797394
840123
339314
582087
352072
720660
851507
107581
426780
32660
452293
294599
184320
382249
127692
841927
831068
181218
204230
839272
243760
383089
496448
804725
105238
857870
807047
835199
184770
439020
42206
857397
218340
866482
696075
130711
769630
8069
276464
51593
94596
403977
3751
164490
626074
858581
144005
119788
837895
15013
325545
488508
840926
103435
161032
591935
782237
68573
187185
216304
423413
665771
383273
567785
336183
552704
165385
291030
211591
671357
462610
220314
207147
391241
790919
462952
193454
745643
553016
380948
406826
688012
8820
621568
337778
2648
700327
37284
795336
536151
831792
249515
524799
703894
80552
618481
344714
90018
455071
854736
106413
18403
233777
636752
27011
18020
672231
725501
517581
258901
741338
859850
221452
103480
399445
714301
354437
721479
629000
352386
276839
844169
579782
509599
7320
543952
237540
43397
548880
101072
267605
318577
518527
263456
488696
385470
355223
713841
675237
287114
245370
502104
606199
807211
710856
819314
843586
517015
219056
844324
576580
109081
503016
464587
210500
770972
830892
862652
821239
475603
344526
120513
201951
321103
205870
193729
19312
621999
721789
584452
106772
229355
579541
233343
769431
198350
229695
782524
260745
132259
650025
351729
820714
84984
656848
183516
801884
816149
673471
815691
11711
141314
374660
188565
168276
514820
525294
294369
809219
521780
376029
505011
822263
787813
257780
809777
230999
560470
603348
28069
424588
81387
848765
770006
693420
340173
640287
577658
414424
145266
131345
110028
866149
603194
285173
389672
12142
432073
197051
595451
49260
817999
116486
764481
616786
528399
80632
637041
232714
92988
845905
224484
215924
196673
458112
240794
208555
611833
348823
300528
409628
220140
363642
415174
29916
555516
44914
126944
677895
367077
12092
767301
165552
722293
230145
865312
240981
625174
813632
91739
624208
409923
118720
100213
877044
425739
323012
517585
115000
183434
364011
316183
402742
158748
704124
669686
323396
725754
200442
595613
446961
674060
318805
403775
785667
655450
877206
611627
652556
39200
599464
208290
130380
163906
402529
550025
404080
488289
270891
139482
685839
535867
385257
16864
724053
617923
322131
684124
575587
240813
367364
749233
472981
780976
855109
512505
775961
49684
452611
275934
369299
647956
527877
283225
270089
680931
338146
873823
669688
846000
250987
550559
708472
396591
521985
155771
628077
152055
161371
342716
480646
394385
236579
37967
637993
278664
199087
571382
627696
703253
251676
180285
213664
525673
311283
315781
88282
803958
292641
332071
454746
496492
436548
149841
463073
661093
292065
235055
151904
425633
823749
859026
854231
647998
13522
843387
546056
811005
832001
188057
214854
23309
140929
218076
555320
101171
173843
335033
864386
619634
742831
111233
590356
63081
826251
520162
93238
346005
464438
552362
613672
310198
107350
545673
372693
16456
397533
143766
831332
777242
208002
631321
121251
821519
90873
744090
717073
212274
15562
854438
625989
273241
607818
263884
864249
556302
51376
614053
452329
614741
41445
347603
36918
293184
539502
816284
328901
764372
763443
848886
69573
348986
668212
651863
15375
368325
570230
680263
206340
37218
576651
822108
135151
370683
226278
189663
698752
528695
517133
287519
878493
741473
61982
319356
619601
554215
789950
674961
768445
267882
790581
776674
359460
24514
312537
200978
469570
849087
127420
468506
201627
255533
826730
515421
648120
176090
242630
70719
495378
323925
309998
581567
463625
708739
500706
873124
266112
716139
765417
210837
814561
404191
701797
1532
26548
85296
142951
749024
514451
408238
225833
508317
662714
122112
604914
680609
457761
310994
554979
281592
22401
114450
481033
468007
839260
276421
86054
572887
545726
618405
286269
196569
223954
233627
866859
408233
734601
478109
318092
619605
841705
358125
796372
50455
692507
692272
224856
775098
308679
141800
83692
312139
114163
700352
413030
528739
172617
605177
201310
83742
661458
466079
389394
220619
737518
6586
851145
492912
796640
642441
379179
596246
875840
673781
655930
846152
76440
833138
103225
254255
731391
599571
478146
195290
288755
460302
41099
410684
820371
593955
178475
278334
740287
740067
213270
252344
413357
334877
757302
487878
446494
749382
520713
579202
571271
355262
430694
155050
838324
498208
131174
154164
671773
31264
635507
755797
385710
697269
33384
109475
432463
865098
43268
337559
310192
840346
854294
373048
32294
603377
297218
219895
274135
226687
117057
339488
502499
216917
399108
155098
569388
876867
808939
463846
613079
651559
208387
278965
37438
673330
66487
105165
367478
118825
624323
142525
732420
782778
623726
409561
27864
657974
870311
703835
741160
628284
91224
626825
826597
284136
49321
707898
798268
365557
676593
116296
695706
348471
281593
761789
624990
187932
540254
72625
242205
94327
322084
532015
733478
748674
642485
700498
122430
282736
771286
115842
34721
720241
271864
646545
776679
860588
784363
530892
226262
720028
490166
423222
583533
368866
92838
684470
295976
412889
795136
409602
287758
710015
664357
167724
9097
368642
38786
500548
866609
27043
453973
179749
290514
220958
808755
668001
621222
491731
287340
298004
588089
587192
457433
738489
115573
101748
534845
352587
131133
119870
486317
526302
427766
369034
89257
234272
539351
770101
389220
402215
723333
790805
512045
43302
335945
31723
790172
697412
609644
528784
108312
434392
158101
498685
232406
157946
351253
620494
746245
236412
105660
226662
315226
756625
397220
335967
709684
720974
805857
20059
384538
201024
507021
478662
762549
583876
35873
296153
127711
616556
708133
240765
246144
131165
392831
210553
260636
781479
680633
813246
554901
312964
137167
610776
212331
73820
351617
782211
810368
623249
588389
753257
64116
688088
359526
598993
374588
519622
395105
15941
622482
712846
256186
782757
875146
374213
657441
602255
179491
343472
86611
148291
205022
465856
36968
111095
482890
280595
146653
337716
215644
757544
586104
668520
803588
407281
701355
157224
654905
456283
264576
573595
102450
851575
679737
651138
102527
386898
187303
167957
12435
332672
127295
733857
696691
792922
752657
479113
353986
230822
489572
425095
581238
163416
188619
379212
797515
222786
81239
603818
267122
424135
692175
34566
249107
449773
677275
176863
397748
377989
805349
783217
42179
625567
70676
226382
733379
3853
74217
777956
613397
278282
618935
570619
436953
30072
819228
75201
278062
191421
414545
309064
644745
3778
90401
138912
695585
617485
725247
199754
609325
872613
864624
741864
199208
303968
747713
498006
734265
226318
443120
790740
309152
290659
695052
570715
692985
215164
489022
97867
273263
579669
792534
530131
864055
390175
116145
652350
