82217 431092
104825 342263
622097 849016
397679 857095
513546 730485
548233 772511
808419 521850
766440 861605
813055 804873
833959 573001
670464 462530
813001 857161
206243 112974
348435 679427
76081 574010
796439 296001
720342 865308
316677 755832
713479 265249
573373 530242
336234 292003
412255 310415
285315 540768
7738 540899
42655 473493
713269 244366
288532 812875
620868 172540
860466 404497
710425 634241
81866 777935
777507 398000
867111 219100
795828 277348
834316 498530
711237 563697
832349 49688
13723 221636
105818 191344
162412 173623
33909 36963
185657 779965
291659 277184
440433 7931
190822 754135
842638 222195
516485 335157
117573 400144
491496 27447
245495 865502
135825 348163
185255 802845
600212 817304
37419 701528
414475 464934
378826 657483
792438 386153
855890 772596
340316 313113
854849 101994
624479 520337
689848 235360
667668 480826
571033 464460
832184 363624
744698 44653
450790 565739
506984 422682
76425 536777
752742 772423
739335 484390
715054 103755
766008 570629
315497 510967
319376 194958
869186 609188
303488 185715
108606 59100
324002 646195
331415 826819
599413 459037
667322 617348
332505 153859
5386 560785
54629 452903
754363 275516
261430 827350
856839 447536
22028 465351
583121 124634
138775 875412
858657 478598
267378 8334
65555 30203
820212 371689
489244 626633
248486 485174
104647 849260
620020 119219
467495 23859
404832 31691
714675 353014
209897 826528
755288 346926
483891 799050
271253 151884
582042 376868
826345 479049
478078 255499
716628 339291
735152 321498
420818 853365
806810 710137
776701 856221
404206 643027
44690 543087
195433 481796
474671 637180
313304 746316
405070 723578
820599 100906
776635 173594
55891 765027
353845 644242
472249 357951
71676 146014
674825 677523
567618 233327
449209 582320
331554 485059
240865 671778
803729 241129
20671 768474
305162 687220
342053 819687
464552 571961
265837 627750
79168 384665
741479 176393
769445 458113
728381 247681
485860 763544
292862 456253
798534 835832
155156 30116
853690 659668
435678 548319
143907 327420
336804 255767
466231 657493
657235 300247
841938 656122
683930 841448
609746 85047
690314 589601
579076 604774
455361 189296
452320 44837
126874 298989
9755 125974
565496 770846
485961 839783
440383 544190
240484 512235
115236 100639
179669 439906
867354 161913
444123 408029
306725 2726
101477 712326
157424 495763
771579 306124
577417 839652
493401 179546
377911 837214
309926 507860
561630 172235
786581 418420
801310 31950
717921 688670
574937 543360
658456 292798
676600 687263
563788 499177
57917 622989
614315 700047
54874 486130
827310 540653
671698 137540
40888 449082
290833 206603
159825 119320
119267 809607
846023 710282
208308 720831
155782 7341
375087 586024
96997 596323
228640 857165
689658 275216
502013 731846
429970 568207
310416 182995
741112 298710
763287 635665
704814 147197
617711 150728
102738 508854
155397 20999
797302 244587
231350 277090
689446 754308
662922 196865
875168 584098
641821 130438
791955 864956
571655 461565
124236 748293
690643 799797
753251 739899
559271 843514
496766 460509
165427 858443
477450 706303
718783 635658
736904 407509
794045 30231
802676 377929
861294 490477
123452 111594
869256 386971
694718 41655
726900 267303
691225 504984
618916 44461
681898 289301
600636 476665
693894 7885
126608 232852
52164 753558
37090 388057
283934 110625
220438 746685
288251 485156
430967 699324
301797 28879
703039 171390
627522 512681
581691 686540
846140 427988
265339 114449
137078 450657
307911 154321
39496 309388
102991 560745
175513 292842
231503 504773
671505 481170
485662 513768
29623 345051
212495 260969
636675 593293
163077 384339
546792 85964
631259 871802
630828 33987
110441 232174
628509 104511
861298 788859
592869 697285
196208 785747
628347 577563
662010 659422
672114 355186
146599 64380
735126 569872
519341 579648
403968 595820
613830 184754
403521 777242
21982 501890
462850 389388
862169 473050
779107 101170
596677 686024
634566 644891
298311 863575
42901 134406
659823 339365
810067 815495
611176 862610
423219 658537
555217 546745
500387 701370
256659 302994
205957 201344
424822 283489
120035 699948
138946 77663
137196 546701
192417 638106
241886 43105
746368 430910
194702 774638
646440 110814
545048 43710
400030 312316
488363 702509
684156 430534
822216 698556
206172 704749
208162 663419
48552 695618
704918 170895
1329 448999
79854 385533
220711 448041
818145 535688
40213 4885
877136 196577
727421 406854
16315 259676
465817 128881
64188 331112
536786 663443
393564 332859
560065 425466
479629 659071
226109 124577
435548 737122
213401 657713
89766 344833
575633 627051
735242 421740
452509 780053
87617 40598
635416 730075
311805 395007
598880 332707
664905 867035
231454 790192
280520 37407
169730 691768
833988 822143
148023 400729
395093 118844
263945 200257
448199 442211
514291 360821
396674 323017
380228 272720
133407 584188
113617 208835
110517 544194
691986 284793
279895 421360
281140 414550
493714 9499
360330 614642
675783 582797
315429 304176
530075 306278
823915 771808
876190 456259
528289 399425
388312 410478
117064 484927
706363 849053
652516 261638
703891 462839
32499 669779
352881 702672
764732 436351
71934 478089
329832 683659
356157 256896
698351 51604
463731 805987
365209 171820
615132 531881
384290 867299
180499 583696
470191 157768
687562 101828
855955 817833
137826 80774
822421 560652
840731 736697
625605 116090
470356 119816
646927 462067
338138 606440
396608 819202
604479 41332
812797 259528
115137 158266
364654 328080
554531 455728
832103 493248
137464 81085
511082 174817
633020 670950
645363 746248
270593 605079
664314 273563
689138 548224
389815 480952
387823 436518
812790 44459
8730 14835
323114 574177
301636 878394
669889 662239
765578 777713
397812 559486
146508 803381
214777 577474
609145 16632
278283 642619
336121 82671
302607 373724
85371 761790
553936 248620
241836 71561
717327 404456
170126 701529
458770 863998
600586 472128
594277 333677
211222 609244
41749 706537
341796 658339
111289 205170
735860 262457
456035 358270
295575 419731
182448 613674
15097 569131
450365 115634
95122 565050
751570 410325
843504 734004
330372 216627
815819 170674
746413 796049
539365 726202
519909 121689
606879 351579
247962 421228
77015 711262
798581 827418
391293 164373
15259 160803
50848 193816
194828 409102
246594 460153
646094 538997
297113 172290
686678 508156
874013 28511
444299 362552
704503 397582
506603 862809
594307 160281
222256 695614
658130 640299
292188 656466
739201 164412
712658 289349
383048 260668
78657 13817
662963 269110
629193 619195
630014 722303
202214 666013
109963 606278
136010 734429
149881 770217
52252 790175
590573 290144
326050 641680
671406 223163
578526 182893
190665 255168
323035 413478
195343 802133
288374 738368
679980 89144
783149 649146
136091 20489
204876 673368
224798 122900
352854 110388
107361 290480
708294 598171
344851 469597
161514 284411
207587 737590
692829 561688
628355 839837
95865 764196
168946 218366
533812 832299
105185 200434
434785 414749
764709 752114
287839 700938
1888 758154
826047 868835
325053 641835
427189 448312
198950 274901
