851513
329468
16066
21627
23886
20180
582371
479539
28321
434079
603577
473448
704109
601393
819524
363940
197896
504626
757205
440756
847773
487311
875120
95937
3420
712247
537847
83729
48370
149354
76987
417408
649227
459048
830636
168262
308299
786249
401229
171252
206916
615318
867721
453381
409349
485410
696028
789558
132442
581406
31493
529535
308465
47149
141354
853132
49285
667760
633093
417621
278635
527404
122069
548057
835269
306662
811638
560016
803537
611546
282300
814822
470729
579799
263571
382986
697107
121179
180212
59086
70044
301732
187640
51160
658635
335432
331331
231314
798196
488120
120618
329283
108546
150150
132113
182600
419797
511288
554943
75536
837647
180870
104865
151583
669393
748630
177668
472164
650793
815829
757542
866446
453822
571268
577114
260563
777366
365230
594452
13430
299453
605475
67493
124072
669764
698295
572785
623747
503494
333843
438643
222229
823029
490877
85223
481085
531871
400313
644341
825076
582781
113648
440521
301581
429398
743802
685431
766595
404074
667694
609758
233949
50234
417589
438264
778173
783627
770985
516359
171371
359103
254086
528515
808993
24691
725559
37400
317649
241869
378969
840383
645614
778860
349849
719695
558386
39752
433658
711578
537829
199667
238596
517673
212997
145170
123121
699389
720248
791191
432280
274573
492069
779428
548647
214237
597640
656435
799780
618427
375256
263752
852355
223639
768965
724510
871323
243712
380778
242682
31282
499771
701627
302882
114550
835192
704639
453503
344623
233976
134266
164181
505799
326984
440343
445247
155828
76283
307102
643133
111153
127353
800915
331851
494529
743553
863230
665809
220963
251788
504925
615447
365854
304109
228741
190591
88991
208169
531317
807111
554677
275890
684464
38979
678916
392257
534508
248510
431104
617571
767115
693589
231655
713677
422463
406155
714700
451175
204078
268167
827253
150102
790834
499005
495335
370683
198009
88867
791195
38063
37510
313435
172918
195516
367114
666001
388209
543511
789355
428452
652161
525512
706318
797017
18432
523952
616249
823356
502746
818923
248340
130933
824314
466454
608382
208698
554262
799119
857056
385352
641757
762469
839389
601386
29783
716903
222509
317220
651128
133588
565308
287319
206015
578867
793623
746963
382270
306745
369890
13
569970
715122
369988
29189
159573
47385
454815
76125
789424
292768
374707
475364
401781
7942
769507
282057
110017
170311
839947
391868
110262
810945
531868
517113
4335
775634
375357
777206
687636
545325
229201
594916
232556
673512
677551
170776
12772
12421
854931
138401
272149
769965
744055
166988
588130
22225
592751
785221
182565
869190
813155
52585
863491
248175
224217
352210
689347
472233
590291
705974
21292
3734
277391
544593
442555
598011
540189
222195
740279
325196
49316
504619
594733
361211
807022
170230
569033
123824
665103
202839
877481
315638
64033
222876
856187
856992
601143
203114
751701
535844
368920
748086
49961
697889
463294
859554
597794
11762
404346
840455
716606
452316
110906
659139
328283
381021
242956
619799
430213
421295
789430
658452
381045
83047
633646
618278
715553
432412
411560
800582
498198
214333
417530
237757
553823
581715
211527
556601
205072
863850
131110
410927
646077
510414
176541
460341
41203
171351
22092
32977
759634
723531
328484
229771
21981
439979
105597
751802
655037
191621
154424
631778
209656
561003
802762
110210
120038
153210
641150
702360
75635
295222
789171
148609
706547
596950
780803
843935
332720
338082
720844
321006
220603
637673
707981
459773
336362
250091
362533
338337
209688
43637
399935
634725
97070
758585
739552
316702
142602
781163
673619
202454
93154
282896
28101
324862
87188
382065
363941
495757
131440
519636
202883
53619
552535
866943
131134
512234
260345
227646
761239
87538
230082
645801
761090
851827
414397
33632
248897
256621
435411
866725
750293
503352
416707
333644
411266
153671
185890
423653
765447
289853
128392
468617
247249
567928
729358
878372
268382
669312
204427
253757
791612
837520
354085
12196
246052
507113
289481
369647
764184
369534
397691
753086
584359
330101
144087
805591
198880
408451
462943
776979
608798
741205
641229
622143
467190
554235
349207
395696
422798
137570
51620
173819
807996
576351
568468
745291
771046
810144
527098
19533
566906
309868
133972
652150
49490
111618
119093
601180
378859
508525
515906
441636
103603
303594
790037
231696
608879
790235
624536
147312
558017
189976
468778
758846
787023
819617
744296
70301
186117
694742
488258
226589
267756
313892
440852
868428
521825
612705
32209
651837
23971
19537
176852
644217
42159
474213
642183
552944
441093
207799
596328
737861
750630
734318
833448
632501
265207
689295
521909
681107
160612
313757
414611
47976
834290
464067
138032
812185
347063
802438
532123
139567
146387
452865
357276
365577
501787
701111
596409
623482
212379
137162
779605
26217
290892
239513
294710
340316
758024
272859
777978
346982
192123
868177
823337
645397
731299
417377
63088
482971
756428
805213
97170
156744
576774
240456
509175
593193
767672
270176
504135
606911
113505
133952
797067
25972
870124
856009
385122
458937
847907
23029
646837
492050
252473
145934
515354
593541
699788
328233
692311
99202
493653
285804
625586
94258
345017
537136
190397
514396
656219
45352
745945
588095
701388
482444
494522
795885
388222
468360
296277
346423
374037
836773
646207
739058
237432
831776
780820
750652
650520
659673
436079
376033
489569
458758
552635
786785
530584
106682
647773
627947
516704
157853
685131
837098
149460
8885
63690
597138
765901
850808
325586
22453
324345
428302
431629
822952
833226
357118
241316
248071
374765
713237
578305
699877
555725
458205
569359
563306
848342
633809
328089
1117
727791
656443
67809
37158
492972
423311
556739
385984
156354
279923
840549
691654
534742
641854
429662
413590
654515
784305
77869
537349
133868
764825
366828
536324
273747
261861
600419
694314
40167
153955
95579
73529
599519
450553
814373
334575
820934
305408
240338
839785
516508
426855
860842
611549
878200
520633
348900
446458
99664
103503
99469
230538
550178
611731
29030
739922
175213
259913
181279
765237
383289
284488
46116
301704
574730
749124
261189
647970
159184
822187
542219
581223
706705
496647
638151
269458
488205
466388
151480
332591
588152
632195
389948
594385
282985
545971
694130
398721
679445
728174
621755
448212
117491
85642
718654
276617
451084
414383
278313
31353
425133
508163
788919
440477
368551
514100
450467
503310
149685
178987
792150
51182
681129
225057
660498
637904
288711
292937
446319
527292
39192
665369
230852
101827
462757
292560
735323
144515
513939
430728
767918
586864
255175
238047
239006
165221
703795
594509
346117
347866
365566
545144
334985
780102
458434
531367
869277
512317
765663
5471
650998
729348
694293
620425
763751
691824
314191
127804
483504
487409
366173
282676
738868
870763
172550
278138
709943
849852
491903
640783
758836
314760
447458
466974
304492
98407
197110
287147
854521
783817
228251
588545
504491
163570
662632
545360
549298
353357
774147
427659
414841
513354
496656
747254
729592
521542
854005
40882
215779
356167
169781
821954
365230
419656
278944
222067
262608
602518
183627
