19557 478112
655486 401513
143721 479462
360026 86050
678584 33284
69053 489578
390120 591413
858505 226158
348324 518961
275137 748701
372897 440531
329842 292177
47558 757077
35932 695547
451470 286744
862117 471940
699882 402526
303100 209603
228937 390934
518512 309740
127957 817508
585107 444951
304225 845337
227001 16145
182561 129066
643151 189470
279112 97676
299253 883457
235030 302556
163525 527136
371018 6351
336006 497833
219982 779705
922 567112
245060 876334
276172 640706
789393 478903
508178 506209
787703 141230
835566 470320
266164 306997
652386 119128
556102 585927
777538 18135
297157 453680
291434 885617
360635 782423
860297 268927
675619 576454
271372 505317
706067 23270
382849 820922
364309 571203
106826 405720
23011 822043
349168 4683
683717 431000
195519 68037
699188 698146
801583 615656
81451 46223
277023 424911
495441 189326
616620 78490
477098 43530
56127 197950
448697 394774
552839 479825
526353 729109
648150 97754
336251 141013
147654 198029
427098 109573
30354 200998
135843 798817
312605 165854
326105 417983
107279 588043
815501 264760
178791 47580
712094 232398
129633 373489
602631 720728
832511 859679
669590 260475
566967 607767
216073 229620
490872 264731
332462 785416
201150 632253
761237 780694
818497 866585
468623 104963
194070 16621
172591 527936
251311 725539
208814 189569
326557 383260
236220 845794
492478 258520
699680 72644
60393 271302
356729 623752
439117 677817
570883 587010
717143 228245
645817 51510
605008 504645
881857 54331
303676 647176
876984 263337
806680 633623
732764 179719
830500 16285
873341 285632
700956 874350
393048 33987
577725 305767
556023 137793
340342 824632
444435 379879
147165 167968
611901 662516
707744 388416
244540 876078
728212 351691
861222 354111
181391 227918
530317 291557
153885 387224
59205 333395
811168 689387
218412 802620
725652 673616
24805 298249
863918 284616
470803 430695
137929 517258
686675 666859
865607 584710
711935 7332
389380 67862
666701 633307
271556 315036
589388 151923
43599 751428
102664 376508
23167 54054
50834 888634
224223 332041
797562 744255
118779 251437
224449 390380
450976 667368
185999 97787
860071 671956
151677 50030
293195 872869
789147 407339
272861 744903
822994 796468
52910 734667
520954 72781
792044 346603
751671 635102
725258 260187
525879 804028
580701 804750
886832 40317
237972 152646
507972 628259
702851 352728
440716 80492
619357 38691
635098 74320
757074 791898
111631 654506
252461 157712
265536 24532
708833 522396
270798 332288
670411 457550
57833 877893
293878 96100
14913 836467
665667 771250
835725 202907
672894 98163
283870 240775
517990 141408
313785 494665
753040 234724
849325 788273
340433 842036
385767 762558
552516 503275
719244 513469
713629 357384
302598 195875
704418 884531
638254 802043
455696 187636
737885 510542
614051 448188
313785 830480
595825 219079
606994 782910
609150 843154
846634 434170
98674 351811
495129 398654
708049 145579
445998 272018
180669 349263
661287 531659
200555 438049
547068 834551
486454 255944
260775 12120
867635 557663
489092 38957
422255 75073
659847 170155
336499 658358
613472 692723
370134 534019
757059 672247
833102 108368
804176 26602
672324 871077
3503 86804
96155 649401
127034 7320
880145 151490
493426 663240
841718 872520
7310 216572
394483 421309
498889 426200
58894 642881
134716 165195
301244 417046
728298 134486
536267 601021
727189 425171
296613 333215
579642 374851
340484 448888
643400 464875
99423 636582
165366 655976
188824 884869
369088 308884
572192 570218
429769 808546
785455 362516
217181 250084
603725 94945
211985 144264
119793 749743
781357 133404
117295 18633
691368 550197
192366 31500
731709 27493
363888 317500
769669 319678
829176 180846
77221 254139
38485 305694
503067 294245
818663 740035
499552 816195
461803 859008
743727 656263
82359 289323
32057 51244
814281 359041
518687 476248
580531 632802
336861 487976
521200 882664
771845 24221
322002 418301
530564 640187
156588 471793
528351 760488
209949 627152
360936 475086
430506 63197
426002 165424
362664 119640
712820 382073
841303 411127
810089 738856
235763 403570
336691 735355
824771 555866
689240 668819
360134 653349
859233 1841
769489 826242
402231 125390
449465 622562
3954 214096
139123 265987
116211 680940
498830 173834
752750 426093
283079 801155
573525 300853
782070 518401
888563 147596
126831 552066
345164 176317
521007 695613
697128 90972
162080 810188
74829 431814
421460 750334
5319 164464
162614 493632
544248 295755
129211 199037
447152 171882
608484 497831
368603 572280
7131 347791
701282 323648
236723 730676
534438 683914
710553 291145
554743 144969
514942 362258
638929 182235
262566 99356
484306 541795
90246 494296
86619 164854
802698 824545
408469 265921
192753 615856
577009 743101
136358 71719
346283 665802
609458 314374
193606 697369
463028 129474
54829 118817
551759 518042
870487 541772
858238 558887
416480 804943
276006 65201
723592 25090
492975 61308
763563 884630
643629 243537
130798 168560
220721 819962
707490 789225
438187 32853
496785 214185
33319 807797
374326 364138
308789 458496
269878 581590
824646 722563
768301 62466
884591 134344
609962 2887
214225 216919
4691 758986
336509 417419
213176 226599
861847 147525
886924 265672
638189 631215
822256 777364
91672 427458
685569 97460
882632 860923
44740 460698
494820 427288
287040 832228
748848 526469
528072 261027
350365 51492
333854 436399
695471 355288
790754 199765
405531 17123
100420 559973
809221 872818
311384 270546
729118 192803
646793 173295
491467 407455
521566 384368
880848 64874
23479 479625
484975 637776
869497 220315
539190 853760
230367 676526
346267 668369
388837 414861
391651 16701
570627 331782
391685 518293
402977 832882
368907 131833
729011 739634
346211 323163
78659 146153
487363 347801
175295 381645
305524 711216
562378 373291
737864 754494
751483 109085
405629 438111
91896 356983
78521 484192
502712 529114
192202 146893
373646 816599
858147 361987
164196 614914
295291 99416
674133 234824
854870 99833
760152 107251
824156 537974
711137 636589
635008 615139
452058 678913
493445 365418
676734 22784
4733 733676
119181 597065
796397 734416
692446 582264
179240 49153
715534 113203
183144 255498
183347 599507
188843 311863
343897 352310
585612 328952
591206 816114
147609 528730
1923 378709
765994 204979
184326 841326
731232 443854
728097 102156
305957 657024
649658 433193
359255 389915
612081 375135
674857 555687
872338 502279
486113 607036
193009 584153
355932 573467
473724 675240
647084 172270
804418 349048
483375 704814
354289 843391
511853 293835
600811 152982
104137 801409
416104 1268
263326 646889
522246 165706
28014 807721
822751 750340
57144 800708
6159 569833
277819 430367
315654 609807
66730 372195
32979 695880
16870 574228
877624 648616
371283 316890
305742 488688
87035 731693
678432 109042
777054 728362
577921 500135
410354 44480
866100 506270
56423 14498
419528 193182
648002 325572
412844 833920
600463 17973
199521 681243
272477 796167
673986 356489
712717 316609
369151 711130
162041 476587
74861 264625
589403 347710
61440 197065
479799 464421
625466 491221
575221 279277
