650889 470462
214979 306588
670848 275132
220036 488887
750049 798938
435974 289043
162041 735430
567553 588892
689249 536187
839698 22428
216428 443971
174302 552638
261100 537826
856631 571652
604162 816254
663316 395271
457192 660053
3332 487351
254099 433762
224494 668147
226711 35761
770165 132950
811531 769636
17754 714622
644441 370636
190104 101200
230762 694570
350001 407749
318085 22850
56058 57023
91974 253084
877897 598095
528225 365891
271259 765752
337676 635023
778574 194154
588627 638792
629674 554140
429340 687508
839644 735516
355167 871729
128771 682002
709003 681422
552083 675435
100151 545159
96051 460635
564274 302901
129146 241756
762837 268795
685363 395303
169611 215164
437071 550276
161856 657065
363563 558691
478839 319086
366729 348616
382340 434089
413383 28313
248605 391011
201953 607383
156915 766928
39014 175576
853681 234022
860094 243994
595200 753898
38043 748050
562931 837514
317527 320923
21674 725532
796739 199658
39216 767083
226178 748668
456305 427361
357964 46152
230229 411140
597851 8269
294325 68309
309313 251966
859611 323820
464592 114350
69105 848704
443556 489569
217326 35215
295754 218383
144781 25888
264092 827845
660717 639242
497267 278488
634788 479256
658870 836769
181364 499655
478837 503024
682914 688582
87209 71045
38386 25226
846476 673055
89977 831796
206691 799198
85912 707301
241271 464293
476554 399554
189687 259366
537832 856818
804733 761983
70357 694818
392332 659815
813405 198587
703826 356701
401665 23960
405561 583360
75710 847750
237793 241182
547058 157074
397714 156866
735317 356918
292665 563559
200931 689564
693984 460051
204496 624200
192580 35670
584516 521446
86989 751233
816264 766361
693998 40184
511342 659066
110640 357280
720124 660876
400510 694408
111512 597599
248023 678554
387398 625358
274065 364284
741328 147296
588374 504828
635474 660795
58428 175037
819187 369055
600780 392126
578352 505822
837552 132259
466007 723933
121254 629467
875720 666383
774261 467661
124829 188868
448775 784064
651505 225140
619834 643315
81476 579702
90276 48950
568394 812916
794933 464
874615 65036
639423 537515
801205 48287
474087 383424
462503 669724
739937 792611
557934 463198
150976 273912
678340 392870
27801 372597
828168 183649
117873 34114
517788 412140
567242 725740
382057 477775
212664 479073
32284 688860
425754 210219
739946 441634
66225 411558
30858 304871
542337 89461
562742 702450
556307 78674
347918 106958
480261 81771
403098 135034
632324 256122
566314 856629
828075 763781
769038 841204
523047 666387
512998 760302
850064 789604
367758 611187
227946 59299
77583 11099
749554 766642
855268 630380
117127 464405
80492 865893
812384 390167
526312 313182
502021 872497
589132 112821
731980 134950
321775 409865
561036 757794
218097 864644
49747 116991
146433 282171
857142 861141
581660 582650
655081 353130
156635 440854
367572 138882
794983 472850
36549 626697
766787 552705
680873 633023
844746 140294
207975 555585
407482 222108
437743 178593
332439 322472
209955 394015
820507 613336
694604 571077
248970 282481
48281 158066
138641 467784
694711 356116
295522 698272
25453 175001
88490 410644
258460 637187
591941 316005
154831 79338
29627 150659
862010 361949
554289 329909
709480 293203
828812 507192
220914 554147
51612 434772
238357 801284
292011 590039
709842 557111
656991 571596
659153 366293
597607 410718
231251 469370
2101 277888
825274 648968
517054 768390
182364 347311
254434 749150
414807 570245
482905 817659
160267 405009
709927 182450
465604 655421
766145 480229
36979 888
632667 101404
81355 31935
213956 706245
521254 651902
246780 172414
333099 293397
421299 183748
35093 330987
132769 532247
171969 254920
859243 552680
878213 667869
737797 301634
428776 624196
67271 773807
40060 788244
354963 437313
260715 436565
213009 803572
652085 200479
631752 357892
366264 403883
211239 785197
46056 458544
413143 393758
598954 799208
779701 775561
594528 607551
783680 730948
206609 143138
474814 785189
124478 262666
616852 658755
622391 626507
329737 697141
72769 469595
64739 868595
450625 448861
675127 269843
668370 324547
305025 493764
531807 428286
263926 657680
640249 507713
735402 684175
798795 495268
630059 535186
201340 855063
391486 632068
563337 346496
352081 644466
584452 21355
120720 866309
871238 231736
195584 205909
588412 320158
474514 380434
475431 332470
587933 505350
607961 808884
547297 828169
834449 690864
647650 375659
490720 650907
392314 763847
838118 707797
842278 31578
135883 157256
118472 297857
780562 467777
216229 129944
261016 571425
37396 152654
203887 77758
159072 807258
447701 223838
137911 144915
219015 585221
309029 520601
875076 366946
804701 613016
861925 115974
321080 66340
288686 293912
305500 849939
319197 130642
446126 594503
216750 423993
269380 543090
199096 12464
469874 437157
386790 243345
18805 776508
605399 252548
174166 221744
182909 224503
596121 35826
204612 305393
394749 513934
275934 729604
738102 64012
280144 411326
522949 738145
143288 573722
847605 340914
504023 696736
460974 657186
855767 663430
755662 330636
143484 682571
677196 708523
672100 504928
439804 814115
579384 52339
314309 75923
643377 293812
355139 692192
546648 102439
116730 285429
852326 412523
698412 647715
116005 627581
53164 430729
570311 857952
421609 465566
750756 654045
189671 458230
342516 727275
439865 290125
356674 323399
241486 741582
782388 203287
201820 170919
60100 625131
64975 539289
34523 389814
595056 11197
812174 515208
404402 587677
132237 524573
246173 716190
277907 809953
12849 225444
586139 441023
15521 274536
616637 272599
56343 292617
232772 214112
580281 382002
443025 659691
5805 627016
677310 754852
543296 48828
457306 160839
85162 765090
376902 629925
179138 716676
340438 529584
281301 734079
231914 165026
1795 698583
415098 106026
457924 636772
11348 45654
756634 714937
550308 735438
813640 289027
122762 440146
634096 705343
114716 174791
645322 523476
859846 680200
27966 712666
312900 637408
415130 402498
91367 521047
779325 578700
13304 359989
601862 398704
59945 622403
779693 34169
829057 777270
177336 221500
118260 766433
600552 108320
693243 27977
873336 133432
347284 336235
363422 190534
557633 34227
216737 747303
534182 757739
141856 641384
692097 276422
428969 150322
68293 87174
747207 337880
327866 732861
102246 782871
119771 630205
103195 876212
119494 418937
831176 253226
817464 456369
224155 447464
47888 761896
2773 286576
727340 675381
781571 591779
409982 528905
199218 710010
67102 323589
530794 241888
235819 334187
153587 290565
170384 151265
101509 64910
526213 780305
267767 396749
67708 152494
377512 329765
581454 105074
353565 479132
106732 106752
481945 513137
734268 654075
517246 384015
499085 266581
293224 838985
814918 185847
246496 589356
768982 373769
827524 31721
742404 538350
773757 130716
311651 767701
560414 868706
530029 158137
381081 538462
606145 715103
768305 873464
246775 193724
673471 699297
418559 188715
523948 583143
209417 658085
805761 551751
336253 817011
621104 269084
676224 826162
147574 685184
141280 674752
26492 120208
637196 420522
121941 210705
833738 467201
