646292
804002
377652
687711
4316
699537
97007
19752
699382
546792
443660
391503
565162
319921
154706
19693
64120
760871
101553
194141
59617
349743
317440
511545
31292
203630
675735
172226
45027
225574
805819
216295
235188
768010
21758
534587
548581
434193
448659
865877
857248
200939
666068
667824
622532
786195
273831
423134
14261
211785
852189
395404
530248
296098
436893
514339
567440
151316
812005
803794
407405
161508
327650
816
857420
870800
850270
294524
430007
73824
123707
624265
595491
652130
3102
697068
406324
38102
72026
560910
184672
132634
495080
143204
848111
888285
805575
416346
535952
498816
700963
710944
606395
113120
226183
558394
146341
291429
568080
881248
868475
42938
563043
370396
314219
647097
101571
30761
371482
131482
553177
73898
717058
36025
713027
376445
64404
356480
328216
638104
108962
384735
407785
406732
353999
651533
559600
475254
442698
776160
213466
82089
530003
712421
158473
20428
334381
332553
595476
731681
686292
231658
700730
570681
356018
718589
579735
883901
165553
799784
242531
207590
416451
439576
436092
401981
386870
321560
664531
35987
735738
443142
597908
439545
35618
34574
429796
281599
325798
656303
520894
840937
436610
596505
539247
731014
372437
16080
89622
744989
118904
103714
483908
433807
843073
223649
744254
330212
224915
863978
232868
633582
861175
819730
396806
780286
412903
325078
308984
226237
100573
17953
881765
168094
886119
134215
164659
764128
333306
167582
672081
812914
241907
89642
395399
431582
342148
544161
243533
768861
11751
534287
672710
363042
809471
251107
847334
706343
768525
753497
404656
244834
884045
182673
395765
328743
469153
144470
834794
288537
367969
422528
722541
694463
714708
121791
193372
83751
257966
556259
42620
34100
93247
775613
420455
792539
787785
594465
640076
462986
76896
72285
761010
27285
77706
201216
854366
854916
268499
483486
863974
389468
305207
255879
67661
389056
865562
185491
513638
241926
574337
835537
257235
97938
87900
668822
486695
466361
802646
422040
247968
30166
29654
339764
678640
878968
411729
662392
362849
121946
245722
85405
202542
221204
560593
221003
98530
732341
423214
728945
299302
191504
622196
567031
521555
721035
130478
362596
639200
240606
345684
76692
215367
504562
15507
78687
481907
582573
748301
247863
485026
183042
278910
754775
158121
389829
251565
315535
535077
701027
345874
630166
252243
54723
84688
772687
258830
531456
593004
52520
141865
62901
685812
6137
880200
851362
843416
393785
506777
40898
405840
469860
361459
880419
191367
534486
753162
519831
603283
347788
795834
108354
625515
78644
616997
482238
412095
250762
682832
265113
375252
748639
45900
608413
731597
320257
707192
536977
797192
445864
601563
342122
785232
384628
344900
30922
252427
344845
317755
777034
629476
391872
828615
510914
75420
188972
284024
64999
335012
206650
136285
360719
822634
412630
312547
381561
336663
690941
356295
595289
43143
827079
785538
495512
36708
736695
96474
244144
208227
422312
371714
328860
775824
156660
429757
870729
452419
590702
379901
129128
497526
575010
69359
606010
65783
704609
754669
353344
31580
531304
667289
78505
14266
212906
242588
55679
598143
877246
480095
501488
509422
452127
750934
729612
795328
763587
252879
734294
881986
12763
244142
831857
453434
510571
651502
382514
310745
59528
461557
328802
708330
664810
361630
316310
242141
494106
216184
529518
70885
669111
104052
761070
607118
203527
431684
798880
869729
551792
757058
146040
546087
558578
16819
39448
16042
544443
849742
580509
248433
259181
135107
371082
631245
754349
765729
240672
582329
12067
6486
557842
332402
149338
584594
295328
543825
321903
813796
871164
498686
690807
397621
472655
137738
99512
490516
283627
108261
15533
128895
283748
357263
869301
532983
828907
719533
234484
649042
453857
626803
548442
207382
796199
523174
426297
641242
98303
360510
59171
834958
634064
227072
769766
584310
608390
488152
596192
345368
517685
149564
629400
344824
652461
567476
405296
137193
711318
359087
517844
140446
72699
13339
374082
409187
73941
400292
704183
552537
711043
11203
137807
121802
421530
469876
174216
669323
510414
239193
412722
806564
550727
702696
262659
523201
426094
41439
765520
172665
190587
759630
838698
583412
462206
473875
491334
248500
593388
278741
490577
763147
749238
588726
43886
237708
464574
801464
508540
256208
658972
394585
48968
330887
216355
206338
538714
94850
277500
489661
643473
223743
77416
27865
429853
808526
732920
680241
29278
74309
260676
435666
861529
771569
363636
458785
412422
465964
440317
638808
480044
479437
272469
146313
335850
136618
206605
795488
569734
63636
561994
65609
776847
551978
644537
890833
128526
450537
640819
80376
385742
693151
860233
646182
599694
711606
109002
408162
563833
833896
583197
261939
665774
778533
581038
272360
168110
172948
766603
240096
708924
284973
731418
145677
725267
357275
576209
671058
131336
702111
786760
734509
819080
758096
186734
19638
442549
807358
519107
830035
542558
410980
142049
285984
172605
559139
277840
760986
173454
562650
253118
388295
188018
804304
480408
449688
589091
387534
785556
758911
102395
371721
134753
16119
520582
865175
309995
811081
269625
154298
649663
114111
488627
82477
587194
586486
531990
547062
882749
717686
36633
292085
104400
206519
504812
856201
862924
165394
113340
267382
880582
93156
715931
663510
470124
207099
631744
759130
382675
455854
113677
17815
253289
355145
732337
197513
701987
116459
176424
779687
492174
116490
25458
645198
156823
107580
290760
520396
7002
817221
391534
258992
151558
521599
589049
700375
67235
638154
635708
270333
834959
501349
806888
771
35078
844072
766872
419772
247590
354182
587723
608956
510523
573818
741360
559101
559596
597524
567778
503058
837399
265979
323528
768967
39498
785091
720035
137212
148500
21375
791964
102659
672233
54631
31061
15095
617204
366996
97315
460612
186425
775590
626661
533332
444938
629382
181119
274170
488776
159099
142804
753194
344153
840265
401184
579866
452314
442554
121164
180627
139378
677231
823718
813187
714780
298012
17810
871140
73788
737925
52157
226616
460703
206820
844894
287632
727218
193560
575654
239008
212435
409190
464860
699908
327916
440723
858108
768929
593320
752234
451283
575781
684257
276181
121248
182510
561332
361683
211540
11115
490223
510005
816928
706500
862338
231565
525032
170874
39023
818550
676356
886876
278968
470455
424631
653487
384240
59078
318972
868887
373506
250053
874944
228514
155763
847388
90661
340290
536840
706889
194368
545675
557756
3557
668919
219032
194871
313994
727310
295808
605193
214170
38334
238280
65493
328981
140306
153161
368512
403138
606315
7447
86735
790848
605343
242638
253481
661654
34230
486157
818176
178607
691780
438752
777289
40368
608426
342598
146504
218407
443432
94641
585034
816939
71417
887007
834728
105021
878505
741796
428389
717976
686773
355207
455131
37313
64705
483718
232535
392935
102663
55118
737846
531982
74640
271670
797398
636458
766521
230881
169682
681954
792047
325926
768374
284541
389355
219270
252557
568395
278815
805710
193510
815290
864491
54635
268901
