596372782843
164922926272
53671881115
200643528464
485707006892
60688708552
293558895285
681674048111
442684831485
296576241357
746350886720
204292235433
245556730304
21410680778
384305835888
176397963862
50939630010
121935296279
538984291354
449065150968
335945970461
727949097537
181260800252
143542029501
478422536549
444579597470
133623756852
668839415853
398491656213
204743675298
282994265723
293681715156
257996416159
391978010668
246602635513
572214043762
210119777622
138093120442
695809268794
223991488332
390934315142
60492312475
62007394168
108165301751
550449309963
171028433166
470231461762
538180603568
290012647675
377170334251
660749292880
732496165439
447519551089
381702828660
216995154123
182763669175
44218133096
562558346799
95050407177
658666174959
636804882961
365340714251
592182397355
277495720438
190199933537
397241575342
760108830722
81880057853
293218845713
757023691733
561049366414
119935644834
237219563001
428524129962
89546817978
38693099042
303526174952
175469997761
661297593259
541996976564
581929328159
73672892490
663284533616
567096675964
642245170004
169048859914
253136582609
705921826454
574736030573
67077149296
51444975305
260149769790
338232781443
622401019644
274145731092
392806334786
179937882250
85084084165
360076635355
404815268781
700544927275
240713728869
192012770662
266157339279
79434856135
607490661635
287288870935
486609236053
99798245675
565877709735
362637823837
584249397157
71824247168
148309550294
699685878689
98337432342
313662184545
437233301156
189065848552
142897765952
480528338123
653130356555
440469432337
278202867600
613605077532
138307653583
453670498672
36729198122
272525447763
108914257588
571812352409
360061722822
524884366855
296341209384
675513792176
720407153770
158943405388
62829848309
187927935900
722729437357
692545743014
325458854328
710871648013
541212550199
297327546830
88357333733
172405845394
59134982668
519241883506
715288152630
529116669682
516330117707
358070628122
497891250919
614601510382
535440772581
490198653673
762968129159
420584271262
692907562240
604099296652
120565817051
452871279176
90670835837
374135218962
620921052453
467688621357
270736141813
586333843979
463959357653
224648965073
631933475163
102502980993
714856001893
695913962194
725963410279
220027355376
742226773528
406335919850
192996115367
383947079521
167218018423
150804203158
376788808345
769323818605
358467563379
189943483709
718778208549
17293115602
560081922924
310431142518
513543835375
125646703048
652791738642
768911299579
649808691966
661367171592
559184383857
358973400562
471113167594
212542279482
325444694505
299426941521
452210567084
589155488784
732013898269
121339833152
287916927242
155912505915
736140761480
176359531432
722214074746
376793409279
99220480557
715899908290
185259936508
266137653633
9296970310
192328064515
122270990974
307640650542
762955412072
640281568597
183194676808
466943692436
521796785068
315554776635
2818812308
349205965188
304132276071
586173632860
123070177798
525454195783
365570284418
648517887342
720793796082
79467172234
292167978069
560079156467
65370301337
614739032538
769690371455
77522805368
98368310239
696358199251
118667784491
746801736894
139438192631
567951030320
769672127409
529355830186
40504966995
263337043274
428884288268
9182691864
215477042368
493922789826
549059974340
161315721696
735359973698
478252634895
77691112168
485984614325
164366067904
620818574232
517958164666
37088574310
257213007622
655697149587
763971848553
339425992742
109815885763
501506654746
585366265441
349440782772
203190164303
117348932360
774023415513
723050268022
676202276045
107468438456
721484203878
572408418208
582856463995
313245584555
548158015174
705332601444
108063356840
407892270386
236157895906
380700110222
668679996238
534158935267
342864964342
588055470220
371314185332
464736319181
206276614160
282224401814
311965206497
745188121665
142816298328
302979382710
153312143598
653848245809
68323707549
631151851493
203701982154
758176788018
581359954698
675206086347
275960647485
378798557670
772335706337
7837994617
479258033433
677018413034
305311373875
626720428130
80844539433
658420895739
736753970078
155885981274
178970566844
370052709279
440523292720
14747668341
83506742075
201859445371
269670345272
699853975780
627373903482
567381249747
30961416728
257416442554
53203042012
17580988373
586770144869
735161414619
58984363859
643068860923
146608376018
175083871247
101090206494
489648651252
273074750380
247816288983
690469562421
541215506851
497361161280
581562390519
350258103790
617849212155
427065171825
457398048906
755517822498
695734947300
772240253788
374204354122
548210279740
707544550278
358099648810
547294915984
314896850587
580036762871
720663282761
680217042901
51787411986
305857777585
585055498161
738292130654
632400532526
663783921447
699052307290
530025262906
314980794580
328756122222
568839467510
679561151693
448395312210
201858299035
753974069908
778944937213
40405068690
269755124818
536053568098
740331295134
513760442220
495692323977
475495828287
139091058226
625892647087
431205124103
540142909235
359388163444
437951081317
93690416475
253560218358
636802336708
92019045168
739432000225
519808327626
532119331820
763908594367
41807013379
657310459850
498431992422
616019582670
740774568243
50571381603
398179406172
86145456711
517469188317
452373495797
572604494605
618313858876
146211592287
74800719753
603158397707
223289139672
272541085587
391570956472
226997000553
681769238543
674847565416
761222217479
511482518729
311665842820
110929218648
326942941676
107040045155
238646552792
467958131575
90085645991
405455073834
408211190365
689719572234
197188586690
307078543506
570046145450
258220101203
19283836305
234663231754
152190074610
56198074434
707495194850
392158738637
703850312254
640536985898
124154243778
164784720869
124321871310
1548971858
635861333319
754232658263
417189310266
755418675723
615099304950
765924433118
700225548216
359621033549
316872864149
106306307132
657961508035
687387074980
423645830747
533199672919
776745352631
698398672153
616336482447
556679559087
308580450318
355038815701
25599828040
470683556319
113529566016
204767036847
97479917274
104406628503
140966041528
710617108587
247210876009
708279367116
183680213434
303557182261
317958860457
219487490465
347588184496
349863494660
461654860497
115395673517
236703974405
190898506261
280874667202
132107265842
401285057201
121736099560
611701186751
512327494584
165959764929
459384959797
460454257874
470839058254
714347903841
320459689414
148439725297
128195360797
705916166706
676771949709
224760578837
688818008745
364548883103
128716573285
171515729863
316721391865
779732698692
256386375802
530106582749
395357474774
121728062926
489631945895
664868349876
716101007061
761576766350
224071864754
125109414755
50652254402
59086230666
445730387194
594001071868
571509250951
377934069036
55125566304
223983206954
588239680087
190168507131
327999475600
444216107766
241381235121
243640197367
226604784788
384796771921
158777122501
139526289487
288575287249
81869374905
22768974124
141518193252
405774318867
135839135820
367647064927
515642701683
215717112226
722711390767
75661778807
155023806216
191806724497
400451434925
518656718280
247396024447
681432407972
579630750319
16582643874
633402373448
298130135334
312318354883
177623659423
551429614801
528180939804
215782885101
92852406910
132978515866
193333004392
400113633829
69749806108
492496135298
632638044657
109062853225
108010001445
274181866439
403328310213
69534485719
166716572864
50905078771
257843835635
585086947680
594118966319
671592946396
536671643269
207418574402
123652107933
643638552896
240650281306
366007415454
382891324036
339994635054
201734509671
215990879428
752622167244
339886444058
113986175589
686785222704
456606110517
240818804504
399377571577
457480104513
724215770516
448398817492
782470994754
86450571902
632417317372
38377615324
225929119295
502074305558
513616546540
664943572135
20513515708
168424140230
249614208717
526442044120
387311834838
613961668790
214121634365
643255645824
669675091130
93554708054
628837764150
610228235797
655600321463
679544161263
469589509645
654703123368
194271738016
181410870026
779124983501
240805941706
435716857322
600650146176
208901285546
250824284839
650701750332
213021879115
465817136435
720707104789
662282238856
194845997439
292279765689
541784704683
574034176420
475127587470
186201754977
169413310698
217641959786
129579550372
526866144977
630523583863
591449252628
507711169288
680369840421
781188406440
404217399705
231611468837
116244216286
26495204634
199645692792
726776700865
586374906649
132848773878
476428431716
52983940240
145471902587
97030562538
249841884263
42237971984
91949474829
35231810917
392046835307
503785709290
80083775434
22369819709
87678873574
116078077928
138931959375
82571824211
272994262904
721167775317
360951576325
71812941435
752400093333
129216302371
584697564370
20779614493
207855531627
114345119072
488987032970
560230185083
685362991288
257820365971
671574127614
240776506358
220885043487
17215041063
2398559940
607079479134
15621613512
666639854802
624327172177
779233363870
65381100832
650596814927
764088759528
488336505207
186133140122
709569433026
389643843182
101946111603
558899535440
157737609315
395555515810
162451259427
413891115113
534040820448
206512569704
560033481981
648033988773
622586093605
175242533539
368837619942
667873911970
356878045788
397982236530
286952036640
461297728175
779087576577
18289609713
234260879164
695082175493
235682172885
325565037685
540577120042
510177134901
447347363890
161735484195
461508438201
674796658375
633374067993
21885317833
162121580962
358905827385
74432958580
51530257301
553185434793
242790764090
367758893968
236385809922
403458212603
441954630560
700934407538
365462907607
427795290545
746657690905
700877436091
316626749523
12614163695
562908714102
95825995757
503323069375
178958300427
645395187983
224771514252
398473134528
775078427632
695986483386
778025271955
757375272082
528584947508
167245877931
692184909415
520906751356
113503562163
70619119338
93064135611
375611050008
324294531558
129057413755
272778613870
705773294965
173615272122
140357049066
198764710712
611608448483
726773793287
727311154265
66428720880
134870545911
777718722029
323906481464
364399989340
772798052904
327074751442
554304757696
70450647063
9781432048
354789121005
669586409848
272543981619
656882777180
487680317612
234942201510
638299470844
258012471985
441065062230
125614552370
399892487090
780631630065
492783553659
432737211885
190839725432
623990261368
644132527344
23240845960
398563340829
234143354224
67386329132
346954074300
713871230426
120622423034
679365766900
49957366016
657219059138
607389926215
283804803193
482502267539
583146838401
359668929387
467608263163
340695117640
645297555
710990079847
263025671052
587065230589
512504935250
26824721655
420536568670
96281255828
197891661
179788491918
440076285124
664565882302
105088053478
69937416443
581983796763
430087321620
586236295465
689708181049
432893561865
123651231782
153983073499
603838958587
60040051426
19306008051
357492150248
732312652521
48499503501
668918714257
676698217648
342399471856
609277395614
735437194864
168508539058
614776197594
483624933948
123234766253
494031017705
579559651451
645652131113
622916297641
474291071256
292735225007
10063089700
142754914821
231358149881
287275069151
61010611363
548046801725
68166775183
65403791123
750933677520
574829917263
724608636064
477970375672
211442250513
377832255481
522947992531
369575689641
751006743832
141926669084
497923997549
288870154812
350569000059
612455932231
7243331574
234115439106
772481463129
557970690247
471168149962
157859823022
478453522042
45719807323
224191745027
764234984934
22959635917
602111278164
474533654400
259383205333
287122483917
85601803676
775045950197
328171085557
211348003267
310659035279
614650416878
101527022080
241413363162
191337139527
33318073079
51466004675
58320049366
640534825497
269928486003
558680162439
766229971780
310675324579
626259145963
434511935263
68443201274
364078101307
398370059549
568016604347
210433629874
407036826646
256493229318
463100139711
642459828844
452724092607
623166635136
697878367676
735715477329
231241962968
351543547341
376907089143
604706340905
228581261318
515904021925
549851342412
316732848345
61165233113
626410511884
558634916899
611218789591
554584967868
366242303430
511017359862
386156670691
214135192081
757349585766
250373434027
727415793583
543737611145
605799641518
612894478767
668474152097
505015481025
636265015770
21942931835
341541866415
180810832887
599196660996
556257580306
595837417797
474769952450
276531278759
575536315650
492329977992
394836393131
300359196128
506082430113
368845862389
256386729776
16617331613
696989821138
229222096088
60284138213
416037805008
324687945098
353600353541
643430892232
712202128041
204272402956
558609647737
122154592427
171049982617
536400338056
102325724857
637270641694
407602003801
289022998578
769192274210
421048816852
405010205242
391349259075
26457583622
618816631172
63930601087
757963773600
220504859529
781374119858
590995311840
736874493121
149393115283
504492018473
384335646596
566245928957
343937181053
