224275150992
140756911015
404342025999
613366545356
680409257163
245822723096
126503761725
134218740436
165152069318
425762921519
343846573351
210127200526
83587792229
726373770252
70118996058
419931732619
268502468071
460415330138
362618923031
467655153275
714985824437
310962056951
771706678611
254462274126
374291315261
738425085213
595945786831
773912702668
120933967952
135447088813
779890076057
359529839784
296915343329
616096508280
463636542515
134366052589
475038232896
594957924985
343783043627
446264644485
659141633749
410793272296
479402161355
51597440794
624749057021
12217578061
7629376609
299195921528
641346212603
617334460104
738412362264
71724610087
79227987629
585399216302
766195502616
247397103370
678560706980
368031575556
562753048046
28352620845
362545194341
26078729802
687853317198
469968293122
376792997046
548105242095
562807720753
549270436161
549739701516
770301246683
589481920511
54827773669
429965689134
611673276885
719091164174
480389782662
176051331972
416499283877
504892859490
577371197875
579174297632
382324037035
3493038752
592785437280
720088788369
4290570426
196158733974
480452755062
371949215864
626107689459
549100897271
688528237008
633194773307
341434827181
368495439683
376996481335
257107127470
118023172041
480746604037
478253135211
20044288569
139452776983
508451946015
661582010136
43434343265
736964981485
226525429399
566740460837
339335682964
163151655048
476269369176
171337295581
4994879778
363917017820
442353523545
570448652138
250283820031
242064051304
504401554527
127270830798
308405955440
281944593435
10000375454
109521378461
134265321821
297942156112
161591910539
711908055346
485927918568
441441778694
649550387055
464723588394
282275052016
603156027766
421447722150
201096476906
297954763145
647332223476
361287295517
587093283638
212249205015
4457965932
182615531274
585568800453
49696141880
713575869043
705073384867
751669244593
747696686130
120097433939
327074267482
771772155563
530123486792
300983373025
581482101713
521582963856
606076613571
287465782073
176687492455
156804591702
359931022069
256681430305
765181296979
94987629516
698424749495
270934329856
139603150800
58885009674
330214646186
484275405523
726254894985
493086668349
321046061347
638931652924
467627230940
197525796761
525910746385
42758806864
719426460413
643087348264
249516385951
206188180410
30612981539
441099708451
22144469023
683220109754
46799589787
437901928110
3909279729
212846167691
241087962431
147481757510
318628246565
549130324242
439711997278
347420396011
208922130490
165836981793
764854568431
557432695414
70270866134
17587343515
439044282722
55955804855
362843561290
701451631126
187565904624
265266471998
698248779226
685280496721
607506633609
341196002601
623136710736
239382715949
166857043714
391904068947
617843788584
70059466484
737696226721
271057874201
751814099713
426365196985
159439337203
375889408795
748457785897
734395458179
321801220056
186034802907
625342189590
92891316614
300255264096
49719342643
747697865050
231414872264
775186831723
193674043700
195772177371
351279406174
395866280271
492076081864
533960362137
600531435103
644034340544
550677294238
245926679515
539930232492
567991036305
672679937705
366987203578
741537477571
296740934717
615007556775
477925855999
684280080048
590424208006
242954706196
699264743554
374325905312
559996683726
64088118128
676376726685
326835608045
129886016979
551057335121
282432332478
519577421671
663650068100
762677527274
93665429736
56331710081
137802540979
231154042988
515811004392
73865215095
593780742749
624043582024
202933095678
158160244043
244523860580
469768999015
456786795775
273404055174
343235407954
76246135429
542044506215
103678022549
301332743733
681576486344
7058348514
661167847607
491657958327
118999330988
354410068014
382766758337
285490234486
379270601658
670410049163
294408593364
689724462651
247526049738
127972447168
288980969912
382854784751
631327967955
162675323349
608443912927
448430636069
330531385851
299460203208
477710673572
527497937275
712587607673
316207950966
87366949684
521191035841
367658470584
362121437402
560709457356
89450721833
340830973224
102695695068
726384615584
69304102292
525357045840
248767332364
260528490881
733757929174
258628892651
547712269283
308484451589
653199592620
346926308756
605648383908
608381294492
630184326136
176110214629
61856163081
376428913859
636174563688
502455663478
47472191106
54453559011
739940468403
647950146918
457560875617
401694730822
518941179286
338913676274
482610596812
636889984624
9216315612
728372032868
109818146491
210486742809
703280301552
363251514478
522801811327
522384913242
47305391577
410264898236
386940869400
86573555695
171414614263
195393654582
435673773255
711340119267
586696093231
78999097192
720906333166
575861556414
111758435590
236596081390
457055567347
31480910024
464694207307
703621626861
570458757501
754642472294
729423252854
608608129260
749572262292
82282588491
304539960202
731952622735
590274507018
777947472235
261985860352
388089123258
157637802844
630556895213
709357981176
148685857101
490395655415
520399809323
30145579724
551837186504
268846775
207396665666
27352106185
606139839847
651597668257
47023576040
708352162773
388065612725
191578099029
393714793427
356741272266
479929997157
629403022950
36458083466
766462026926
584653438837
642158113152
664794319094
575790208289
31453551679
706177456652
409073934404
142812724268
496905784897
299545361654
535985307482
214850550980
540564107492
735990122788
768717928382
587508086330
76955981183
356035835064
181168791720
576939458277
636667575061
573160889249
690608624669
608295613487
712916619558
75401460495
613906480933
503211017386
162352009244
334430901237
275816087433
778003943152
302211493396
38177496272
168380778021
491572862847
287772624940
81190597906
270538645329
670781685070
181317960740
378403917853
650695961006
310826681689
775081496812
471189447092
537500841695
227850934024
377863935346
624279376317
376554743111
268249805249
487302779933
131480649335
364192761844
95652278892
141253045359
273735958438
161395936445
83005341982
309177616011
381591945926
719256881367
341479068181
740848971397
42218526355
103970422247
364430982597
12971754576
636501311091
202251756898
409545076107
226609407078
390282979839
468681980495
413347493811
594794712235
25791815279
640745847408
681072716061
44514220977
194119023452
750779199001
413145624517
527518562982
64925106129
281398568577
297589083610
485623077211
6303544872
318879089670
733188993513
501128338404
480338469840
33640510878
509706862323
416390658162
652660431097
323690508942
400704542447
605843419519
228283118536
354418821112
347977836075
409569724979
422013985209
543448703017
490462424427
675075286796
399630072353
65194267679
427038160472
256583813439
368390708101
523499384471
266677557514
175473784128
179052646834
308650365786
733849487599
416518707031
554116563235
254768939117
80768079822
163798220934
685250301822
617313714014
609723835901
252062452963
532490222232
355252023278
525687654494
615653908892
493683721491
581569362088
177636559059
140844847706
5511724478
285330723835
307094404091
505038635125
519504162313
459135287599
303989232766
22354403727
196709465816
230961718194
697816432502
479727140437
455423150568
652562518999
157406366764
15615121114
188470671766
653078186809
207690200536
66581659946
269584746865
8295754073
424219450406
378542841390
358462002098
383768166175
668450763219
677076752995
580199587488
571876068339
680199116803
416514171092
257470133471
239694635
156745647649
147686773580
661643475474
495253799708
264646099273
104519556961
702884768557
268633917194
565298937512
277285278395
118173191171
85891732092
3886509798
114318385290
215744192036
171271190684
541900378140
650377706897
428758181465
139888922892
734292976729
435584847328
724043918910
522676981634
655643903681
300184999641
772178011466
352515630026
272442177881
747461872024
782557626997
543845055822
721470986922
647977130641
122407411395
691688725502
31486190777
141624343529
764098723448
705331281074
547027132852
505471716607
482191061180
273436482503
225950617036
777639565804
79438876303
595960515952
453409526466
650124886569
668353498643
745025312023
76706067299
782173781190
372741081060
710555437001
757142562683
585759317792
340463748978
318421475438
410297714361
335949731307
468268515596
766997199990
465309707817
484716662158
464277273609
315500183696
535760751992
538308529375
656623866647
653335711457
767369396218
669256597778
439333085259
564232508003
770486896706
322244114026
190350347590
657500892195
118879427804
256042715900
740623520050
360008639490
434832412493
98196301406
344825583474
757362846408
88560148254
223234683637
103265461837
465528684171
617511546011
11770775164
331082655435
233889881187
336843134917
66366139248
634457230418
618079446538
267702075785
5864417012
616797599252
631514629762
181048852797
723916813043
20072050077
717849979638
284431938577
118465223455
72606924280
139008168888
766580828477
77062280886
585091431241
325877910514
311018032328
162026719257
163593554095
727975756063
527514117178
749869655094
199806899175
64170589523
318971306166
540260785512
86422927767
7823023090
679693611385
276005273958
695510109498
681543253844
216112830962
83698117814
69625373197
3934190427
674518008085
199376000852
247810461995
69238511173
760622494163
521479670548
541140426665
247047706797
657003210372
710064106238
386907678919
88681319502
730987073885
121344259109
698492011360
719227868313
627521835490
669080294888
582043410824
236006804693
143799982424
702327910820
691030140470
87413313101
7731455306
709044889878
200440198661
465688663205
203256942179
92059969309
781646716899
277065369185
272813538053
164242028178
35995009315
318866951629
532218987900
609334751621
195729893445
98102383556
30805942314
41644720106
27362554097
136597701921
593795597066
674853232819
684085896619
448248800680
626703735851
236818825620
436024707111
560752288511
333869694308
661191695699
214963917757
227432757643
141424623773
498467764930
350272011437
370850750596
370548075544
557883443935
649002661267
563798766989
348838877047
232215114875
195147050389
368015001326
754886296189
682522904363
565505369589
323630378426
244789568574
243184081058
438501698893
566372442260
109771920032
281875477262
644368575672
319680371906
365821356563
623100890389
228546208175
298956594270
608584312305
601072966293
332534432175
79549889196
641738931939
436828679578
745746721502
41758963644
28948318165
49727866581
41967694053
131023621516
289417412013
568401788466
247412446181
504012921403
220263071797
76067540217
426004300351
564051681110
96676893760
170742160479
465596659719
330128159422
274947866593
196327598023
665413221545
40261802406
553405772442
413339445870
651507637429
517429766228
113427096724
42443651156
737205811348
383865565510
255167242577
235130092904
422794792214
507127029937
601977067379
448380693415
413137778448
756787442874
677910802986
257546286872
76836546462
9797431733
406105562567
314598177440
472523973377
95864967753
657235535305
592571329595
616579014322
170665821786
359835037199
59303635450
773903060519
769533794423
496819442623
489817507357
694965627169
327516929491
315556597062
198278300093
411055172452
57063499972
25965083107
753030105756
599972865387
145318493986
694083988060
511259456874
484004799115
184685382901
286917900571
518448518253
474000697822
449311919560
303227309366
104833033145
34729488222
226400133013
674103725603
415187307779
49349962520
251341803278
652063085930
403675490313
335082950744
185600480184
521434470471
309678691723
581779381391
725979997794
393312929169
739124153516
728655953749
293909029056
213392129545
528154186296
576234264381
242903207389
685887284312
257499519871
619531228694
740331895719
467437171990
745996546980
32179348737
733741619436
622992485272
12940460
774225753640
730778192487
510315726637
387616789958
436378823914
596491460175
220328344275
740734441362
747643807921
646937046992
230647096327
181426805469
675601331236
145709342991
526776425348
660270643410
254953354352
352960360495
372615035739
610466587041
44924531668
316392119482
322758173090
197362121474
1451482715
485648244622
469185347294
504800644068
526666673430
200283435886
743862360
679667214720
295208882896
191289442669
111090148681
514781147866
376493230190
146439080841
85392554433
540264139167
196175314800
142907603434
730465374757
182048895050
393000697793
405672970764
339394330
216272440403
327539566496
559595002845
569974053119
191504394578
27979699296
469146560852
563523189039
411617757645
82308922720
39552102242
138859257908
198364283797
765467799719
115905177050
18424862137
279010606518
768713156168
211239377642
8406934303
234003409045
338221117262
393702503720
60718452392
529877508329
591995719469
766030193947
367945373347
114881669067
372203835439
289750002442
238676419847
80434475151
9839641854
214551035128
468796056989
674221900535
748639419648
530657288320
763377384750
75780844381
147479293426
628978712975
320870344434
255858182509
630010125389
603208843513
313887998928
181804950067
699837395360
402281458483
705714186648
627438240103
291198882492
119329746939
410934658608
558473053319
228198287669
66680014248
565483296420
565189546412
