40454 723222
731948 726999
614266 16026
413629 648489
54179 109192
169377 474328
385437 304784
426516 455664
147814 533825
728123 277608
272121 495295
407276 887331
44716 657352
689695 34849
763641 1792
121233 5639
353333 651729
167818 316541
280182 704342
327559 739081
731756 551328
83419 519648
315798 669664
567093 571443
650939 442666
48485 99237
401779 270000
705840 61559
811375 144506
617680 123032
91803 396632
319669 62441
864865 719546
778498 876861
560191 536354
30485 24741
366189 837220
639179 587767
577492 287880
14348 743225
430161 268949
113362 88982
693399 482768
121894 574343
513411 440114
636495 742918
95185 385768
769465 424112
714188 215705
114303 717305
40324 574243
649485 393451
407244 638159
654615 158604
265480 240155
371746 307205
418647 648740
242015 39887
426270 769774
32825 7279
654832 158442
122878 169758
181383 524506
357600 277293
689872 648127
42065 576054
62772 123671
194173 662418
160368 75581
602094 649160
797482 529574
790975 270161
481468 832406
132167 507306
710004 565994
594965 441040
144031 276712
116408 233720
171912 508155
786537 874220
688676 664083
493054 271746
27620 569906
442205 890038
817155 375349
255101 412863
585261 575484
770688 183798
725010 172685
636847 656089
271174 499034
416799 838814
244097 289272
785609 148784
667188 597341
88923 396756
887262 670564
644939 309734
589942 70102
135943 516154
310274 438481
192609 131751
710591 448856
105323 481421
607903 340832
52726 243864
285182 210418
736185 841784
769253 889688
405321 612003
701142 653835
573838 54191
808430 393415
54383 888757
327302 12158
456837 2481
600271 356365
52136 719083
672321 307036
181148 533496
677387 603777
167497 649681
310190 642140
867355 164205
60865 398298
158 223814
210280 326074
138166 181713
619687 196044
57409 491794
795883 799780
498724 705227
613898 55408
694637 21426
849555 432515
649109 494902
332838 839787
194122 520889
316723 112103
82351 44553
212484 453645
123959 604084
132790 839245
394709 541158
212676 85121
179839 585025
282698 330168
497482 216483
782059 297669
89957 477407
477762 542243
147 350504
675831 828851
689313 574251
249497 106933
478558 38906
288831 232877
123045 299964
308012 6647
41207 786621
543797 749976
191269 148350
135382 249618
244806 614399
213464 636505
85365 347175
543063 166101
410502 360307
44136 31024
671756 642217
609784 486498
331720 306776
84078 19515
789234 866593
776681 272842
583019 837759
441692 525643
448466 716279
410848 634840
339815 239209
351900 588417
238309 453661
872764 426942
764254 434532
554987 51006
435207 795854
175896 642711
31008 471740
555695 883881
488243 446623
279378 61243
216695 131669
258084 802562
532257 107933
565752 486781
147397 514389
473317 880395
551070 129097
554971 211272
844532 514992
84651 725080
342373 274752
254300 448670
784340 847629
375801 889278
857591 807390
138137 74982
733970 767580
797203 154136
455866 340046
390627 260792
366667 734977
281653 380714
173567 555121
27471 635598
255626 858232
580741 595773
754410 746799
588678 349429
200817 95313
469410 718202
768338 395969
409060 72646
514638 603965
138017 81380
849227 401852
840361 181338
628081 816467
270727 369572
760501 99401
734009 665349
409565 508911
825291 457199
449924 873457
663653 876059
271328 224906
863649 425228
14358 790150
101438 650664
621713 206515
386122 40990
374543 547502
257998 578557
767765 386631
462392 478909
859850 587959
234960 308609
323844 329013
20069 584993
394657 67812
878758 163329
525700 188878
117885 191980
730619 550583
193723 556913
476958 403456
77516 444386
675959 171131
412592 424176
739766 416815
210532 837732
391773 559802
691805 38754
402383 636945
668253 827598
841746 39569
356000 457608
177169 60537
542724 822634
196690 55493
259315 206492
311468 491584
802642 836132
692039 106796
770351 274507
358750 208782
770418 400476
448771 572608
9025 367119
607543 272691
221349 269765
214277 425264
160347 118386
37412 53621
164400 25856
801919 485514
345350 202498
315684 360185
798386 410259
239850 412757
810125 147553
805848 373997
427645 432679
491906 18740
261580 193855
650352 710844
707965 791998
864165 177683
866143 661526
762891 806378
687810 783816
79373 838240
146002 336566
588680 122410
273987 778650
297661 145990
670504 235637
100902 495663
190354 687049
561472 837301
350451 678789
103310 739324
517480 623330
812716 427829
798533 570153
820064 366798
610871 295965
518773 352321
269639 104984
528155 463551
824116 408133
143899 409826
667209 17000
577042 616428
521661 276453
1818 476858
138161 821483
651477 561483
215923 117871
86816 17638
491715 822477
44146 820723
762337 714729
588925 20345
163 194324
213377 638717
208086 427515
452132 438512
701238 85363
559779 77737
518 170060
625655 366606
724025 878065
739629 677998
85286 334762
549490 230749
554995 350486
343068 412474
781134 38967
248649 604621
802417 363369
325708 190890
675004 172114
720717 830706
874754 561565
116610 353233
164265 730154
758890 351940
650918 759798
85107 229129
321358 572050
183657 825612
90510 169593
98248 194267
621713 254073
378264 198502
575146 412993
203141 441293
345916 116400
776880 453569
265935 27282
872993 269210
690862 195478
147344 802745
366668 244367
168829 387571
639055 14295
384312 729391
167395 402411
888108 837194
213755 322984
537412 305665
348544 544644
555234 36822
602772 415097
42498 370376
313061 889894
549617 636961
312025 730427
794978 200892
159490 698063
817737 777700
306855 829093
829874 146517
192648 240136
132558 419287
259276 517460
226600 659158
759311 217889
51122 298380
848323 246121
561033 372656
235490 254012
213662 323037
299235 109878
477560 521250
63650 336533
511674 370307
225590 12988
121408 126096
187862 249036
866514 435930
789606 689733
244366 815525
168397 532129
366695 675106
738254 813655
241669 289901
321139 798464
283219 644594
480302 671144
642287 356685
255788 281555
426223 574616
713010 844694
638901 14225
616467 325943
2455 161756
680032 24723
131378 591888
472505 151369
446303 520944
870461 279644
810061 667157
663019 491385
601736 720927
540410 630063
742382 776156
511438 595533
305582 482613
36636 615838
456263 267330
554127 863028
216257 610284
279237 726164
129199 565959
501193 159180
565367 828010
69888 686952
37367 803289
429303 470029
592084 156431
376939 356461
210419 635165
656541 864281
650762 214038
241727 486318
703099 565047
454574 863583
330368 8835
76125 268632
842583 38050
261398 727078
791486 677306
793546 546822
663215 740808
233074 695958
35136 452834
583194 238681
514262 87611
341727 837430
549460 581550
54367 746940
257159 676054
782727 538002
460720 324383
196106 839871
613028 241728
683764 445172
782749 83311
306421 337587
746703 741579
626156 552910
71135 35835
244581 840334
251726 504934
329594 321856
452578 137901
510225 168081
854405 834438
819810 427391
122334 422867
229032 835721
486626 310037
420622 748990
327111 779304
22173 646643
584841 324867
652983 295768
184127 796669
64701 721582
428636 198435
229380 38036
32350 834379
240734 514631
838601 752009
218022 154210
230729 399598
505946 164797
617881 246997
645383 198988
521145 62376
