100735040045
121228672593
23251626978
332301070437
161989829920
607782244439
697453455892
109050930359
320746423022
521715594019
489792925201
643933103595
156731585383
25853339822
715411952447
82503221602
586399118684
759702364232
319214590185
610667557922
569303408201
233780778955
597063053642
437807999864
588519170689
137589277254
648470031818
591726108039
512493736858
776767158257
262788149427
744955385567
626829768424
777683021331
779303600518
610906181595
757273919968
202292179545
256510019563
725025783815
221795056653
219030767646
609830326025
775133643945
361053647218
769734294592
514212420052
354799126918
656326297033
368713081825
398994807703
356953346581
169655323132
369482123243
674015333207
551740251269
625782127330
724931350212
772544294298
262639084200
701610924725
544864875302
759495310973
68383292795
576823559001
431918666297
680224141039
470383263292
528788313659
578902324369
153761777342
249016047957
199259744380
227440272444
272515284926
71598039506
504903783431
301244095432
122210604152
73668014745
133325276580
730629560631
635809014832
304160679596
326144064791
160072046666
729886901727
449120425104
697946088081
771270510912
278066528903
7036209286
480724327380
302323790495
365003955551
300635930856
561665990987
278148347205
618677637736
417698859604
153991490828
463822750271
110321190654
39728048395
118191916941
510406620203
695638503954
153847951367
709930927619
568297014988
717622959257
6384943966
361182825821
102314015427
462021533924
2532432704
273989670081
461561541320
222011172943
22597754970
282127790371
436943180123
668153672662
427903195419
700241401914
519267715930
256263165870
728221769342
243263586050
233665963276
179265479785
293071355490
221484321522
242374232061
322245830052
285419434120
408651534816
781485349737
167645445342
609942020304
505705570517
532293043375
97415488820
314647865484
142887911490
733876025245
14276853222
373846811488
144205775412
566465577438
175346963629
518552974673
283447914995
541198915134
663654385057
776842983925
131012627667
451510524279
697112245496
154694948321
62093659176
482012174706
20882102265
722201045167
290434034548
289624461849
265176179628
355216100529
136620701523
781253007154
700907268553
364772218683
169244150371
551473045247
704279703726
246588419069
356428458978
719562233359
132200821168
537434072466
415520221900
624720268466
623104706395
669159792908
71121599703
262581591573
675613901214
279545149139
187988353832
342402233913
763417814468
63559372862
543710729421
766557509717
703831334023
544328287491
711596827290
161817216010
153231287079
637122868800
477747633400
389105211994
766331688951
274586147020
202266997946
12975349962
716343955198
25599975787
583123866280
148129174661
527541663396
554668193333
484708771018
10996862005
414996765095
605893331858
647299707019
406585236771
582967249192
334927982245
389517947190
603008814801
557236371389
222265572051
372144172638
61009791752
227246585315
357484119442
63080994215
721475292660
123107225681
455675095440
620221068941
392125330540
576806838100
434169003003
251497519519
471477015024
455526282368
131942024465
284566413451
708840572408
461175729866
734416287258
276037247135
498218353637
416607859700
279362975880
479904514073
640631793371
638193258980
143021144429
598422577340
155790531567
653976357220
429016098619
745423043011
467225807076
622179928951
434951060193
739340086066
35298091190
290992041114
358846465135
131018692070
257273688145
407706843076
383353476461
96134447442
415333238594
669251990561
775983939075
16484449888
183200768725
75387485025
198322859315
333161862260
111623588522
619956268488
45400078970
305991133652
286928278636
442238658229
235906536539
668170070174
250034757741
540917645435
719495692656
509139829760
552335050452
639987452108
248601691838
240061860856
325454097265
227255845581
88827666980
560234919380
518854064079
172129239645
425003180712
773571282444
13456819992
81943354768
715401423900
517525557768
546699815552
472803630726
156886511372
705192498769
379448732721
128340547365
483143821793
615357513346
40498309491
183149746832
720771443743
778972153880
497951397979
35002144416
605806633716
461659415182
343786903165
450470099499
683318968456
715702688756
343127203039
68723938310
364418130611
241106644615
603811688451
662035154839
370203106012
625247193487
97766910967
453329111388
70157327893
600381628877
19453420731
746739986506
65273360378
421012364987
221952543234
336864670899
261053462953
591953648813
243054520296
153395944090
119829384535
178386677216
372750582912
457020372108
269304895612
38954914678
89982389603
457594428260
755930701523
571820737606
420111818313
235238117640
256808752282
447237427457
167655351593
728600416502
395026101656
90119384749
243300592225
507273380665
24338276478
576700768250
363285568543
272719434395
624514947457
449734433377
288729221555
569768053333
281531468379
351875693883
746597183242
605870508748
366952730267
290069816419
329043592971
237961626406
173397102404
53336721025
528359438270
255583503003
311965480208
472367665705
770235070992
715067902649
653886958329
715371639705
318537647744
38759295025
659650151083
434314252890
14635080554
327312774415
26928606505
358624458212
312940498942
345508040100
297391680192
363502192699
248732647371
405750869250
395394587613
344566975656
43304174460
327830835427
719259626678
769735883022
235103385394
60054039110
79580780083
689240191713
345282776088
658259868845
598204568686
12405215370
651287095562
527251733386
374089039314
288500860459
44813782552
58657621879
129700499012
335084073096
74962460466
638223901765
689837025488
350041958531
653035024337
44620599884
611431258284
3416312749
115273075957
565059591124
53415664974
333351048852
350013068407
322975083592
124859579539
449235632454
342491040802
82517705408
113043131239
246521435432
678425048412
625426140376
12116731902
333390755477
585652374723
272210233586
203738241245
680324361477
695060097944
769554793417
476971806241
749773611893
407689997658
643487471122
344713869565
680601148599
643318473473
177799645170
467056305438
751899075034
93689616979
219244873423
27137749784
147603443619
772129966803
448929985177
682580829231
328081310707
766253858151
698836640429
286348728945
223694486752
774563700135
327075655634
371422264417
645133237653
665328050663
761849833968
257085996188
655551333234
265050810138
68578425892
99380770711
218275032410
761464973483
317893763107
136074908115
533827657926
99421227313
570539290660
414646969612
535104285560
81767328639
569176762419
360864380511
30804200731
370373348258
482507505128
289350085147
181810800664
338479982456
91790848275
267962911682
151639899516
495060234058
594012519294
718887748685
83378741936
365430111813
577461033924
204010815735
166327853591
444210709434
472881102318
198188802790
588174569059
353369468329
208151366129
728262143820
413678554920
676654359056
130871375923
244798859239
624422323476
82462645273
457806879334
621082010636
351914902411
711450090705
762690317379
320483380005
360733391253
143962549616
15990533546
728527586941
593187633401
670199244975
248782796125
359197434515
511640697735
176424778564
22966804707
577538321045
700004310957
627235425143
402930972512
597194133254
693233389059
238662229917
751958956619
562897760076
508063962652
607636835850
443873467112
319412706978
266481543468
561760839677
619187224047
769400988934
370884501514
570839257729
612266431279
190148263486
695216531936
530372160617
706214301081
432736116898
529083639380
468492030208
671804025756
717696766751
410104076900
369483243813
158170096663
737890199878
135360821232
354583576171
757442417562
713097014948
766135450903
139698103132
750064435780
503715504324
339247720190
1027973707
475905395044
365400147935
390386101410
242748357660
338498301136
1820246913
423139134961
276311243516
380053337906
341452852267
747795008054
505850991787
135379023805
653105303429
349158457721
127997669663
734911980674
282949735147
688375441454
307703576332
722792402258
720287783003
455886432764
613346704496
61245265842
723447264875
769335514954
12019986556
540512534707
756848231076
158773315954
281955025669
638697011641
390085771263
386264879619
671750712308
108508488668
684319454734
170807657524
410167002867
49046479806
443826168787
132558224493
5327084220
517897703823
160762724726
554772651613
257831765092
684788011291
703589888020
347930500937
359911310394
679104377704
245505702272
644433601498
330394619422
36616364862
122433158136
177906473288
81174284352
504033755256
283874555199
462010477648
718173110345
391277889307
232639304238
689866677194
620853827704
242429027088
340869933243
396873045330
21225569756
31855376843
234273475290
558728889289
95223909925
329810895678
418026176799
646842981965
227165445879
21163942792
621490644080
451614473172
331944082902
145071232608
293997066675
266124601290
370302577416
169619968073
503486832582
301329326272
112113875621
762235518308
76036508353
678509869550
302281987258
198199192385
632748113188
657495174377
653550221958
6864393309
489616456483
152226621606
455985395967
107632709496
585767581623
73031843865
667879041443
196509360169
207122467529
477755024948
502687087434
243560583979
585900187320
33785033487
97734532919
612805646622
153584241586
243014743413
245264490689
516570345693
428073459164
650965603662
292872113161
413375920449
642875035998
171654725325
376355480656
707093037644
248173272356
591950842380
321735045668
552346021953
678362458978
640152724652
314523551092
124496186891
57995477429
86083880929
401671871426
228127115445
402324672531
332863960179
530232867571
181029645340
331350384535
391705997628
598029041498
407071606886
690173864986
84072180422
486740514726
271097158822
148257986019
219806049973
663997309370
665226585165
372903900829
636868153038
720466875664
268003968903
416997738786
402542971800
712445922915
491683868583
80448000766
624547431018
15459410369
275914892969
271992562346
176381395813
95379759683
239475411270
695295723179
267159575673
416066335489
511383160998
511347315092
262079057198
263817326525
22724644151
73858786786
600341099973
718165588235
399887237810
641509048334
229168177633
513762648821
623681056344
631251400175
279165765508
142732172104
300177363582
440973915486
411531032530
304124036541
69585263630
654651941204
771274032167
286313638438
54288245571
284241297332
163864512960
408561875743
230528468885
402314295805
325969127943
702571033537
296731408359
52030196874
134906474111
159707758312
703866196237
265349219003
505031472708
771714312483
607724422777
64857349919
760353105807
288403446192
558575497329
565362255119
204787639710
71883185453
244641793859
304688452706
693388703150
723600027270
181815333647
128128021634
590819451952
314745272253
751392029169
95709818003
378143408093
302464920451
371690465964
546943798121
465721095913
558967151486
776850432177
452235059428
229301382469
298730939605
676519151331
77700574818
594586506342
113047926318
392106215390
774796875033
40310562392
762393240778
731048777210
714775258190
404206424101
388686678703
508632658321
676142717015
346556066870
355837204351
325838817468
87727240114
773662832718
508573991610
63702130798
243973152196
690752549795
633368340840
240414590123
93591413581
678184004221
401419374899
67264666846
104509702812
705586668193
18111087139
17030638794
516412273762
113959758000
185474864104
286045910163
97598088899
621524112977
478913829611
353187815459
122295666247
610433422508
239716492922
48542786127
596878535873
330079327551
297222165238
725326816830
670512220613
683061940276
32206068914
680186287837
771330081993
703865740422
401653012648
732710305656
428286068956
58136491455
449262390595
738177702832
604721264446
642914269190
119891117982
99694595657
448673510372
555461406979
244075625072
403576895650
308992218390
442419964353
211633499894
14212358422
635895602604
206238946248
647189274606
283390447241
318668156028
59637024471
12255331939
603700277603
16448215716
139868112980
609631313538
432227825513
298439789086
334677762599
148271366006
704104960856
263221036760
586885135108
309335987495
645969382995
724351694580
584954638306
731388765541
491414611372
719237465629
486144516438
225089611597
227494715037
681474509242
676645465965
316049331131
479667227641
474862919743
349423516859
218888873866
498980206120
247815958164
742678522671
781271026470
532548668289
303923864344
68422368755
430533190866
173065538808
317397882598
650658265352
573857602932
611265619651
623270833100
567399039282
251365389154
429458197431
411849454326
349862692421
358609820195
615651575096
9917427965
568435818070
576897052147
243259114305
226350144531
409834395839
339108098496
641698751157
275630681526
594777263907
392411899619
229328997773
101407926650
337883500634
61730746973
611388843688
57286799830
57381822054
151516075205
574297783932
772464398080
27037905827
317671392222
477404344303
351695198010
157088527426
250554380861
726102132039
72959249251
261615638842
13181997304
384893951305
66788415177
292284509690
591242413231
218793463452
310826869397
189151423178
561935313203
621213059066
595087482112
760758912937
84247061056
770014129445
716630991240
647147065664
735219048813
347444896526
360875583144
77677671635
347158996499
208860302526
598523950957
680844562925
42287367597
597762919979
661896990491
