37237650027
669310633605
397916274829
508819665935
530023370601
179921081187
745311338305
175025069063
267228677869
769325076810
337269029319
63197619906
283630681426
124669210444
99125560799
452783766916
576417242023
775354665823
428841898418
52090213121
254185713258
627603845176
748283591587
400093771008
432530880854
404515022143
651299533848
308303647868
28490774191
115940746237
762820658461
82237927966
600861162731
46049393121
646589453460
690561682959
608119326636
219612101237
371295538025
298984970858
585698771824
129625767729
473629755287
725941502264
627207358207
541064970854
438625049587
753397039103
421041335292
620869179029
183847446337
151330170148
355128197034
298128533333
231281183056
84130499143
497951498417
125565571812
127940759416
712631673603
237458461327
441577320732
143651705170
576491702413
141938989704
483360547376
687666587938
247769191874
519015361800
399043980569
212321951924
599941027464
534084473247
639576304568
739889338107
738617918946
261969879002
35684016947
450489673993
231553750168
768044744853
611131514122
272598588342
218360584682
275066416285
447855851535
435460765635
488341176593
129545821705
526345482083
408952387719
67519435261
113122659947
67337182076
393128182249
580199119233
131245162558
413773480595
507607582062
124425010200
705950166673
256186496415
87267879019
242953256213
648436386517
631084664235
775722774810
385000641013
32351769178
236242304000
526362091800
518743499972
16176820293
368953534408
543837646315
28996468995
501755685565
730759205455
145175239959
54962349631
317755178143
213821352891
591423187895
433878880691
108101449404
669114755084
337226287589
661906842564
217531174269
105542058195
616364460449
235041294601
573165586707
123827471065
639924962603
381206772764
419899688524
479053880361
428230698875
546630780697
368760626947
109713127470
389020209222
529530738793
550027379266
453299478607
212014001058
658082066404
764608107561
614934161466
316009397764
566375716090
178487922007
155401691415
574438044632
166373400123
117857332689
354814764353
194023122653
644584619268
561461151791
403283407945
1863477113
465064388788
68807698190
755463588292
704243157977
369099922192
596455811216
660600252221
772966113860
118543485593
192677681717
353052838639
541337006374
667380002893
91768265221
367369904007
8556046793
63214369767
513138561399
754572277561
278888224700
750954496224
677241730299
293944093249
362117877650
721012165446
743699112431
383596907108
568819180570
739737002128
691265242481
691359868887
98275546069
125810107743
678616107272
180176623321
116471157671
561328038606
317181066783
44579772160
733586514395
349353757522
431171789280
625595135988
636885530968
460519339666
288666790065
169664793193
316469979102
237429724777
118356899333
193691434886
529812477671
731100146413
648167002053
365418947716
139921577231
355924280634
583181202591
290448213461
622452107225
10258260806
140860066304
376361368342
335571778571
128678890834
66925759537
697979049919
592072636243
757444596968
116514499348
309979878994
692548973150
459496018311
95398727579
738428858098
91771247641
126291317210
257349320338
745989708419
270243404229
349379813826
38811617278
124096527045
237658870134
443353731260
29277986557
698137340360
640723714899
531056553573
249996517435
153230295299
80600669049
252793155456
727641145402
676485705204
627003696213
645512412887
638574366271
189164900321
441287594669
757086175271
26660040552
720860118516
772730972913
596093869396
6225833682
586400102214
351610632612
609723283991
236400481155
602705429520
242352435148
404838503444
227773400200
461678941402
704398185935
27575189014
515404652407
632372659328
559634913846
157182910901
599204542782
245516784778
155591611154
112686134396
408813984713
199099988475
367156099912
425933517246
446769828239
89339351773
502003086893
491288424677
75015486849
680126303536
457935184349
54335318960
527959607536
417183281166
56679473669
577545431625
687423940788
454152471439
38390915373
539017360687
601622957907
694776478964
763104812704
470152797713
367172755394
103809607423
117061593255
178597433275
15702437888
442121828986
498394151419
180576228616
487601039740
32018552546
383432004271
73087139794
538318852371
328761156445
359660190532
359084732617
438442862655
458030001463
80897173641
593158367516
312819175915
430625187439
395310280157
490072546269
164374014067
110169292664
63163093707
678573970708
23476382626
757520017847
317844627538
622007340916
340417289845
625572095302
273408796058
193728973394
335855706802
123814143902
526738940269
105006021812
79985119492
8772269714
656332730294
246012524684
514886837606
620210575817
462910395090
450019803989
490798580165
289503458929
274602323606
736324362372
356889282087
427385226333
652123972335
233882142745
483947686901
405922796868
419343790732
531556416444
298883382580
609658403817
477662289004
341561677602
546822333
40129128379
534160086723
404358630552
765383972619
300227851281
621687489488
393493370591
169258768005
706369573494
515460503522
782514238824
278340863238
247246853448
669765953054
556995388826
457692208602
592087315580
481776299545
722187218666
17781709893
472529387173
729371122166
573940653607
337985311620
310221524077
431048006622
469584053877
732762315582
324022073668
240043066745
80417905251
347580239729
278667999774
581454002707
504626626592
336150728930
338561733040
9792217828
323945111645
485646500503
608564702656
456934438583
732461346537
706577404334
632037642238
522148963187
353719679594
95697170494
333326774379
45556619267
585464558057
281491033345
614650263348
144732714743
565876902862
757349754314
753777635134
560875288000
740365532710
352693781526
671555577193
295142936257
684944836028
522498074473
586066526299
369276987556
484026813298
751821315428
366378744642
301952980556
566636222366
342419563064
747546051834
205097015710
705213620904
117148157093
288474531534
68091042805
183536493982
336894330355
359498351337
688294227064
668778367634
772894153242
431440628228
83108622277
629288767573
38505000506
61479848148
256192857164
213727167057
299004145351
9816600082
55787173789
717886758707
112273698385
195473205329
83941084680
393288301161
741835713054
441523074910
713819920863
613544831348
727514680362
535983637944
126187524048
328023225655
394686508944
400517014858
611614627867
448255987475
476958239258
87139822809
24975806282
763588240902
119074304565
630510760883
709051285309
592740508273
259192489159
523280858121
308005215540
178778581241
236365785286
348607569570
593755661448
771774162986
228417585500
538636011860
535786532262
516894091600
699260039612
212046317483
320797793453
105700960912
100472764258
202188433628
506837236729
459655760861
760611705541
113224527749
88807717852
334950519308
196014707543
525651544042
88522478728
620781993766
83914745637
52717991204
589407930675
616862290431
142299420356
197164199033
514527892464
392261451137
130705400521
492741785194
689627323023
391462325903
70691535290
628231474411
350332975710
87790119720
79123832729
175593880718
181070439075
471769575756
772449867909
356803119624
531139965471
21129897210
230122677310
536810298051
250420221596
568435825076
247466627977
716874520558
103398668026
764028704608
735340944208
162806732696
10026177546
435458708684
223909206570
20351069009
379374323873
225483435520
106994193019
384016368485
109169754288
497759649360
683629096098
153832923192
690029190797
150467541400
629199093815
366822530184
395453746129
331482433874
644610227743
730273630364
763297574389
318293869771
523937917440
323498473322
447501404794
357862356397
231568066781
77758443000
401627652634
13963388513
334291734469
302229633936
361236832563
259035003422
93812859366
121219636706
16610208131
560543266465
259260992082
11328228371
401324023180
92159718101
137407214493
245278644549
103940097800
145588355356
403904291905
660213441819
133912606551
265413521214
395595987701
187609391194
31657062719
611054405468
676079783585
224903830317
305340357739
421499812108
757042785294
231507091616
708161622103
364870016794
711936339368
635985526834
41662771742
134606221750
235447299805
719235037503
5253528066
134958121655
252081014132
667771902140
51749657295
199263614462
119310973510
448846822163
342249508763
75927556211
231114885035
700828708291
78643604405
595687799657
344590746572
97547745962
108889121138
744600566184
82040911090
773120649116
559048058567
502758133814
500111561150
752297195476
581766408896
647110133298
659856273594
136712009923
192501066759
201347480523
102770671644
338933695332
691914458093
516394513806
75970207283
257474887839
230459591835
121828874380
518259806394
486699850586
349179206959
153624677082
213849575944
629724101754
74048373754
454815243606
670150708913
467465955689
655625669805
380038825122
754622181038
463518319457
284410827980
222506105806
383437160360
753280173663
405232470150
545481453303
411009526159
486746565939
71967041916
93316614593
464438378388
557867788021
86191554693
702400574840
191070810404
167786490722
521089488945
88989670387
110672187476
129859429002
664647679542
387953103403
600793073777
234252971066
549743361469
480562927408
656444644903
363347265732
607373645545
740258082299
19987685014
6969309746
570115187486
143443345198
316613324526
170670907100
673837651441
717458482396
262409427875
654024164958
161782748708
656497209484
763286217921
196060203214
529625844780
166100447819
413871663649
474869625474
690328761578
777139499619
321627749426
634075551600
101607436974
334606937964
206004819197
507454267700
278482832795
144007276106
156112350636
95867108996
676306383388
660967862820
58456508605
178935243003
224390758356
131687265559
382509896461
782657366866
696179600175
55582251126
105165872640
640400290989
534909597608
206174692737
132230708320
714069608394
759020679477
623378294945
581008630459
142625760654
228318818049
276968684022
206513918234
196146021524
163802232306
660153182731
726642145973
129661917053
126291187671
12322347167
214394676741
567794327841
319062757496
329961928051
153323687070
39841001994
303319811255
521315982529
376038079393
734718519775
12600826657
142607236218
482379870835
123754939733
747103313564
631473071031
287530163795
593979920664
726618596562
418227670363
231831341302
757104340410
46686513559
635412363105
183179963734
491249985737
118863347687
509033664928
141838941032
117913954230
249544026366
466752558519
210590714981
14155761745
703626965328
719604800046
543073357979
410199608937
156739105690
579606753828
211478761554
690552360469
91164860310
366087549706
264654055817
482810465878
322423723470
374713791880
503766020220
765494354314
122450875053
742298522107
22515696003
570848175792
84956047321
123542486004
20569961094
262121755204
512778049615
155424984505
491307925553
111135969467
778772017787
400180866777
773660781770
582171171133
362490832717
19207794401
291397833718
195163498438
322986148271
81127221539
21144773329
311031741125
597597319230
310702705006
240909537002
266543440496
570910103823
568408647120
83483946543
523418106966
274637881112
205059709506
413863369793
116834226367
280550640631
559102220103
556730410427
229199814733
615695742286
276017128481
265601719603
278467285909
430778381411
675794824161
233636816470
460731650616
248886995515
202045717200
57143543749
629161658646
189503285142
627452808177
704102860630
163021376293
688067818878
412952445555
772270852653
625902506605
519418106384
338628394003
307562389060
691755588057
583817945482
358894023739
665242497034
714178431789
35711765929
672675064890
389571613197
206247399079
154390517976
186923937249
341864678041
375175055153
637989358770
116828744725
348727573107
705383496836
691723572083
177699562898
57319762664
292607544982
411422452820
92774906076
24687855972
418894627859
99028693438
526120351586
617973215168
536002700867
745955710348
85257903463
329599359900
306394002147
276730204267
678129336695
71480378060
402892814060
654177049906
341597357797
710531192580
148444584559
272432875986
456183749472
696202671643
635549821581
255276239719
40161797870
480170356797
600936508487
692629443382
268108957277
6004201370
775639374927
614009803760
189565314803
387513417937
33646636169
594078063829
223196015888
541524592873
367614189651
433337828023
506428378260
722277574537
219559920924
587106403402
402087445491
342749498794
211689508134
406226646521
484464512669
563750769585
258891226042
703116349903
678764569225
394184812217
642789281335
73255125524
651895277349
484920437722
140220647987
450176241209
138463556092
672522386049
566944051856
456175523922
524150764079
129118923764
145882416739
550893134375
155787671640
78496886122
126931776463
759246317786
745124113890
238088617454
333192637909
77393624281
643215317262
124795252179
23311782727
433982626213
259500429881
84690468760
268645138828
433420366108
608162207134
508584077292
53375495442
507743660530
349158423378
538195515846
763847172813
310799759863
704386436520
718068216576
658042835355
209680733096
734291087733
45400734734
328308970072
334668947388
643687742414
569395232914
768785267929
257153585589
278063987430
318160278284
155878972364
12402519450
685854951352
240980272198
606634378339
759695828866
666409203937
8287588567
205696548014
739536316386
766124366376
233662548222
413707579224
629625763373
767276678593
