445260
121949
181072
350702
321032
248581
50448
9585
177021
1211
303553
104210
4556
162536
197608
228043
424948
516250
480793
23576
391438
443215
1591
290306
474456
262879
140977
273930
389396
97093
68536
168606
36774
41284
184984
398729
346770
132880
154674
338924
422404
111235
507600
438570
19345
446298
3949
272326
407015
27332
54008
196838
92658
479235
397343
148625
126834
387112
286380
375591
352397
348005
489304
140995
109126
42654
96096
372652
138586
484233
379949
228785
214083
273431
18523
153880
329420
180482
405073
35857
31869
82853
5729
142020
458940
75392
239800
411466
134229
323290
421760
46864
18479
482750
295400
50416
3458
453848
9946
352366
474332
189888
106395
327695
166200
74905
357250
494068
502533
423719
41598
426146
415475
103087
71885
88842
310774
201822
435272
130397
452890
442350
283973
75601
322532
20049
170634
41874
315698
513144
406318
251272
208362
133694
193609
152478
116966
229700
484804
24232
80117
141520
517166
410061
142383
118485
369584
494521
245900
207292
167924
144364
691
283243
191301
394200
27964
379224
384039
129414
135633
374680
294521
33974
94278
379764
221124
265308
305567
165924
361094
208448
253544
374912
305894
383767
24845
20197
484381
229613
394757
402383
309602
514337
30863
482725
372363
42006
329251
511333
418620
433921
111121
198793
483906
363378
29693
386764
176462
408795
42543
17820
137538
94264
346705
89817
262016
319500
155683
248119
344738
290661
92865
2425
151892
435321
117065
160255
433872
141567
363657
249422
77897
230893
27060
255499
429908
410377
318393
42881
338125
85727
249798
496088
180316
216017
122644
58951
13005
255468
303346
130384
360112
153802
353067
352546
341473
249566
508271
57762
221346
446512
472315
391169
143114
313231
147713
63007
74323
302357
377335
201263
259398
63575
245173
414422
201385
44715
187156
231078
40956
398326
86014
185689
102537
144928
221104
401144
295231
139252
340547
71370
420322
165747
410139
515921
132122
82923
154528
408612
490059
475414
405215
252027
364583
37969
52636
326696
419316
75237
385224
480545
134261
333150
228852
446797
169397
30363
260617
449808
431879
210840
400292
168238
293216
423677
343316
434550
266483
213928
234237
369231
275837
79010
155980
155528
78941
490806
269127
252507
21501
135866
92310
112675
179323
319936
208787
511365
267801
35231
253612
101697
33946
486794
8289
238908
130053
487521
480496
374697
378045
438128
4015
296977
351483
449735
315368
116357
503219
327133
265466
137807
69851
273278
441771
322591
96910
126813
510590
258199
70148
120570
462919
513459
331852
6337
462342
484250
26346
497708
3481
87517
455464
65263
255747
132403
464071
171291
33196
391328
57123
295511
26664
315620
423300
202529
268269
499404
258464
116852
302420
439744
199963
132758
249172
443198
466376
404437
145085
253542
376818
421273
337080
335817
233569
464580
210243
27805
51221
313983
384791
16977
169303
107423
23876
293471
53545
374736
239980
481248
182702
297394
163510
157771
417520
346997
511651
55685
466457
298009
153264
273455
86690
186363
464003
110667
520166
325682
202666
132434
295381
470433
369757
195366
34916
233274
479933
378679
22216
470208
279245
180255
204800
420308
241049
436239
502093
48467
237733
220144
498502
76239
133637
157259
243745
183864
170837
404002
280815
474179
244022
382500
43381
370445
171979
252173
13187
353990
335415
240254
2428
479105
188325
242444
366466
131333
62325
282407
443900
503600
409277
270863
154794
490048
425950
92544
132576
304573
309832
511192
298540
501335
516920
201782
466196
95853
42408
476388
313127
363464
1076
21089
474393
247754
391210
389092
122568
363779
80537
15703
240332
174119
186741
235698
97171
499506
297964
143520
6872
193173
380209
159056
116804
382044
251439
232743
379393
343678
241485
46545
225122
454814
62197
488185
427708
214256
510684
91979
114792
467369
36616
174926
423841
519031
110343
430143
447268
373590
192562
483486
138470
216586
354609
445476
99591
449992
37001
441356
188912
358076
461285
30848
207746
221517
209612
263010
47427
105407
332361
13505
370081
518458
148663
237836
81882
305798
484057
497022
233485
78103
279721
435582
416326
238494
364925
147256
214473
474104
434445
179978
347599
383456
47042
272622
373769
7364
249950
11181
207571
81799
416779
209258
507866
492398
470048
363763
285370
156277
273824
49068
187014
499359
470393
45114
297590
464633
122836
99891
284675
461293
477001
40867
331455
77661
100107
424795
77898
79183
221095
222342
476392
263273
469474
208376
246685
499383
340593
43779
396527
73056
58441
430021
433646
294343
15283
222386
489415
313003
29296
451225
502636
21624
256643
53496
164582
77857
220060
410504
339733
46959
195052
224896
201961
251109
516683
14830
512829
357962
403012
82743
22442
442308
476276
283337
223743
121991
281062
234378
375544
102334
186505
344791
28576
158821
262616
80336
84760
418444
85831
62739
2039
304083
252589
277851
340877
441488
505005
265861
372468
75749
500535
691
272093
502758
172860
359667
326570
337847
282190
277828
132690
484346
91202
32871
128158
265811
184240
277056
165566
33452
248083
74071
464261
393718
43244
65802
51817
25158
264112
178417
174152
443054
180480
323419
170866
89150
35136
161556
140566
115424
447917
202810
472489
479729
144821
511276
100789
370598
137398
156291
385776
61006
241272
307039
458216
104490
502163
356604
440517
381392
220257
229523
234539
12130
213524
650
132271
130003
294509
251318
130437
304440
451868
275470
447617
154405
196958
368592
353913
241556
338894
46411
325364
164403
110361
144619
14911
142511
163703
427321
121230
247198
79471
401514
150161
383417
313657
509926
203419
255624
260201
375838
266856
97050
423600
414599
469424
476298
131573
449438
91284
328111
303400
112260
205217
452103
362027
475755
377997
169006
233162
45293
417689
158087
371508
67860
220424
286068
95239
260437
324927
49045
481418
279919
349721
138397
184542
99071
284275
126801
21642
361580
16149
279940
118449
243884
411391
250031
348553
499546
139668
320214
505118
134253
407840
18224
174343
216602
497452
320510
91578
349826
353387
142361
10367
215114
342964
173131
181761
66129
349453
15213
8028
367567
110050
303580
272915
124835
374488
302929
28450
409410
414565
423444
134061
50720
131943
455136
2093
132759
400679
214340
164067
204811
317521
151712
322536
471020
266466
465940
480518
41062
374616
8863
294931
173633
131635
117153
350924
381107
434554
439014
330274
338860
75784
55106
280757
485303
358775
430199
363587
52981
398575
241224
32425
340357
116908
6765
402242
440849
175963
158753
39667
368221
180289
465608
404800
190537
125521
463163
4617
146871
65470
302404
185224
287578
253171
452066
331731
290737
316121
239876
105946
453893
35781
307720
243509
128803
24156
324638
51645
227291
177038
257195
97546
397608
333319
519468
190540
69441
391319
32613
41352
415787
34128
479545
392827
410658
436275
34287
207734
123450
176319
494025
89999
370377
75152
132731
80453
481873
516000
327884
221684
179710
493161
75721
381959
56637
40986
130594
393780
244623
339104
446298
312019
107952
416112
407211
257715
376815
491942
468399
209224
122979
292790
355918
243168
306570
459558
336739
122913
9859
222754
226723
217705
410838
470270
110994
365503
145702
172876
42976
105849
47172
407738
393519
48739
3260
82645
37684
339014
301673
340299
136556
135392
23809
6918
311383
224524
499358
468365
35825
163568
258384
77778
411405
360868
151741
499718
479963
113828
404102
502055
476504
357604
369604
464098
333444
166217
191978
431361
186926
385492
403144
334251
362475
109560
376691
195665
493839
438498
140481
377846
92988
195645
15905
117184
302425
351069
197352
41003
363240
100643
167563
240990
22511
2893
511159
382765
276086
364136
515245
15073
197777
353559
393031
244618
490375
435235
414545
417463
206763
92334
71882
316581
143929
42471
277959
470851
277897
54746
325401
406010
505421
61926
494962
205137
470525
496198
183722
14924
117395
225741
66917
371505
62777
514574
520129
22029
412363
236807
237856
433334
412704
382610
397435
128994
243506
253829
158933
274352
61102
458756
506664
218288
23844
465102
417551
158611
434368
409937
476005
458922
304139
288913
313191
432845
262234
84840
76612
337705
59503
302501
161322
11937
402827
380173
300590
216191
443622
268132
423462
148875
439835
359082
353046
392329
8189
514300
140824
469672
208736
366984
120819
112996
390499
227193
39484
172158
484255
342910
149939
44517
373457
406324
261896
46444
381601
457924
200597
448506
333452
12427
385426
290766
83625
376923
26172
13780
375215
106543
238695
477690
480734
409174
173286
278609
5280
218653
403273
213380
200767
21461
157445
68462
253146
187114
193711
209012
173299
408143
79036
175959
433972
86997
326296
93609
417814
496629
234727
87464
131044
201270
391738
144587
366755
149384
475378
96214
404821
452022
284046
123938
340746
434659
117888
92414
135799
267470
281444
297441
129949
358328
134119
417688
362439
291468
437833
120857
246157
174894
399005
249626
406007
400369
385515
381880
134043
473994
199633
439399
352138
59426
42997
251776
51776
437707
323349
488916
326161
232709
75395
467689
415122
237980
352327
506042
101819
374027
447278
87445
429697
388230
341304
99754
27084
295324
485561
397926
166752
219743
444410
311550
307425
126582
407278
77943
11378
514725
198934
387063
474614
122972
135006
499320
111935
207138
66722
320426
339177
457600
203405
421843
449392
23409
412853
232836
200450
88098
429059
291057
139333
302046
462011
87861
506305
408313
16227
51385
139915
292491
189088
22592
485836
502185
103552
359811
367104
15100
191848
494392
272950
249427
200980
22469
333846
53241
13572
117645
414050
61223
90708
130896
228379
407801
174306
153465
226776
328695
237833
199747
310004
224742
254931
314524
7679
106698
41969
306229
242737
206842
100785
18759
262714
150584
334199
259608
57466
77109
206477
55228
61989
477872
434435
159898
64065
459429
310868
495667
70400
189403
52784
28930
453787
488916
508351
441249
89009
30846
496435
516283
399962
485275
240308
220421
255250
412383
137322
350690
443562
441761
501355
14290
346107
11169
27047
365281
70350
206659
139194
299079
364101
497194
195703
396976
207067
200338
215466
452305
207000
377389
66645
434430
51077
380293
391583
204523
284781
399486
247458
412604
347218
325963
18599
376486
105826
405819
79852
385198
97191
385603
435979
495545
322715
139168
317131
68866
125417
386641
387836
407240
463025
199794
90216
238861
300829
267171
365356
429763
10320
237007
505087
422917
95175
323351
261031
484232
65165
120091
334823
493823
164034
22164
307801
294196
467026
431541
328175
490459
190224
302070
470110
193366
399818
417480
161497
326396
513234
195550
94622
473498
171632
396095
118346
26374
404962
164873
111268
347743
300446
467168
481579
397218
376494
427635
44427
85787
106802
62200
250872
434785
151751
323101
20430
407213
418563
192474
300475
29392
228115
260130
192143
78082
397784
232429
44978
329826
507750
374231
401755
137925
401869
402898
26444
314593
93788
378775
188909
443040
511367
505479
215231
291059
47326
20095
461956
242485
416243
143549
396607
362689
416138
343003
376675
389470
96662
213516
125916
323256
244832
517894
70820
681
72130
347361
421197
50962
113619
33712
364871
9140
516294
103610
166397
296809
355084
46214
65271
40699
85828
312885
495237
429994
483808
477166
259719
166968
375597
477216
316307
135516
351266
345418
239901
319029
68603
207545
342461
219503
170496
374549
42529
365690
36805
351284
341038
172170
331537
270106
312393
220348
434830
514551
358028
139369
436487
291190
115383
113747
441508
50542
81581
300280
119951
467276
374913
234309
127226
255938
470886
88335
66585
360171
181134
138387
42130
261525
639
61566
443533
241427
350606
480756
320447
356048
306682
282047
314049
126087
369005
204486
201033
208546
439111
310017
238503
235982
253477
14183
355517
177450
271893
174613
14537
382913
334968
422389
67495
270703
81737
109448
106136
167813
61380
71628
462022
9322
63138
64979
214475
206432
386979
308513
516519
51896
491517
381982
290910
340809
74860
351011
6369
300781
474793
398403
404002
377515
57138
515687
99154
252194
396477
4455
62803
108026
408600
467803
11664
174707
514581
322372
288290
200244
196460
220488
403764
352362
392546
68857
86590
492570
297823
255374
45105
456951
163320
125986
422349
417833
74670
81133
69267
514336
84756
226138
218436
321633
303626
168011
130147
510525
441857
363847
294249
151983
97227
114661
41827
24069
505535
385899
6405
480656
496829
135130
47881
141482
38245
281367
139982
140796
76849
326361
294466
305146
100350
203770
47779
169004
207605
486444
411621
88876
482737
244920
232699
21031
221324
91864
182950
276582
244747
496737
401349
285691
228241
207918
208769
467238
44055
228702
348799
29530
321457
152880
498729
115451
247537
450364
487929
204091
137527
78025
334123
76118
514167
151918
275303
432996
274368
5540
264273
313058
404308
34134
156991
253199
508241
163745
482858
394897
414047
433702
394400
320267
424726
484411
203909
17484
248109
112439
58733
218745
374511
429761
373488
135283
344768
154470
516043
141876
497747
378210
104281
18242
389313
145057
19138
513684
372605
302984
488677
326499
332867
99334
510924
391739
218751
337264
80441
380713
161208
206253
76647
285215
489954
105811
450581
389785
246800
54703
608
266063
476705
356707
391640
470587
208655
45293
78210
133711
20945
474113
346585
272966
396430
405366
162449
391452
157731
178244
72434
297120
218585
127141
228144
355685
372146
97602
147358
450209
431830
18761
363899
467010
224211
46473
155839
500664
423848
68282
510498
66294
480524
217407
295790
198480
437333
466899
196848
355542
250601
1224
455520
384490
210251
173791
323516
413891
81129
63539
256318
105500
416813
509584
505567
151086
452137
252779
40951
273418
352166
282509
85460
270750
65213
413227
443018
225495
494664
171411
339630
58980
280161
468576
262257
306182
359534
160036
158159
225284
222417
330660
347887
443448
279998
425775
403497
187221
416599
47765
309652
519100
285326
355576
332074
69091
181559
10181
332022
5371
344747
450711
483048
328208
69395
219402
65542
