118412
100894
65439
155661
148013
84958
173689
116234
180406
115016
20518
110190
67059
172060
176831
36217
167711
74482
111703
13357
188415
140028
131378
144302
12696
166293
68266
69734
87757
124049
63162
132825
67279
185002
5733
30835
147043
70522
145009
174132
97159
12326
132137
180467
135539
177695
107742
22324
63300
64548
32788
77955
107555
75445
21665
112526
156297
184814
26454
18828
186431
120161
137483
123500
109081
86027
144065
17629
16258
53342
68639
105488
8390
158127
66693
50210
152039
144519
58423
149445
60765
166198
142637
154912
179612
66393
178709
51850
130401
173070
170422
11944
39071
34410
70258
77690
121805
96359
63302
114576
15408
63214
156950
118916
7385
29701
143062
138040
35938
88131
126229
167859
52102
51626
96910
147698
145968
52598
95160
104382
143493
71272
76489
86014
49684
150410
112744
65308
110813
104570
1844
162916
52810
151771
129111
113243
12699
60241
148287
82578
127370
93404
68955
156807
171994
35086
95164
164720
101426
38734
6417
128227
162996
72487
48080
148905
118422
6921
177081
127706
149267
93831
984
103584
98055
32813
176616
13213
64586
96441
22543
20330
177830
54836
154664
41631
100977
80789
74288
88425
29193
120935
80532
153450
85224
53796
96742
162794
180067
38442
67398
96532
26230
37364
107606
1931
130586
95542
96918
59670
175799
55172
38099
97926
168401
111064
139290
66818
58337
129669
162651
86209
128187
26976
45699
168000
101093
150998
76519
91350
30389
84678
147467
7496
96926
136111
24750
138493
11435
541
104020
134083
155755
119052
161764
82038
16154
61335
117906
178558
169161
138121
106870
94676
148428
38480
101206
97468
11379
123417
117658
107660
32780
95475
110487
173143
127208
110294
150969
60863
5246
113751
79405
38451
9355
97169
41559
122658
73599
105884
183950
99570
112752
144455
87945
146499
149052
19062
76910
151251
72583
47395
133585
63389
121324
97554
180659
113556
180758
55463
130718
88262
23805
187671
11125
45971
166291
87831
15533
78763
96211
52982
182121
132675
81947
22896
109250
122659
16556
102720
54669
38879
184650
159065
151496
9240
143271
128249
156163
48741
76289
100733
180814
8889
78386
175018
158367
70973
141004
143987
138663
61063
99019
54538
10645
138316
7913
113336
177406
19905
147546
152206
63605
143749
131397
116933
13023
88368
167945
109973
44155
127855
141045
27290
177369
66731
162461
88992
100399
89312
86829
160398
113642
44710
160002
72092
182356
122497
52789
84447
10442
1782
97145
137743
119905
18318
81172
27301
114721
41683
180098
145276
185973
79736
107210
97320
82590
47663
115088
132710
141885
178382
44206
111565
153839
14974
23862
181752
126544
22898
116708
157602
23556
165085
93395
94425
109249
169955
107863
165974
164258
62495
122660
126165
127458
12685
30764
125930
36338
68591
8724
182954
164498
159669
142640
180098
185398
186555
173268
159144
78155
184214
74929
59593
164403
115086
140587
35487
28396
182476
92556
159575
23670
10536
2351
184295
130438
95515
173039
589
17720
152613
124226
38628
69766
20432
77649
130863
185951
377
12749
173175
102917
9087
40109
171051
35347
74828
127541
163840
170444
140783
28977
101901
154191
25293
158142
108653
32219
120699
72754
55739
178115
136104
23953
129632
70046
107576
102072
103165
53075
181016
95380
15599
154259
85795
166832
59752
36132
30620
23100
66162
5101
25313
70941
131400
54270
29066
913
1426
165835
155010
121222
114730
68170
4980
20664
62813
74470
132888
23336
71724
152720
114485
126123
160587
1084
186955
42214
158978
58509
105319
76250
103761
132731
179188
18947
51588
149032
166707
87730
76174
116422
27693
129060
95419
65993
184978
70607
47328
160518
149526
21932
164360
96457
68920
54849
158224
82239
14590
181676
110974
8845
80165
149214
64226
90792
142985
57786
9454
118960
187788
32096
18482
82963
48419
156826
15702
153300
169247
137327
171403
13859
152174
143926
24065
147535
177092
147707
80789
96757
184823
36934
157675
5034
169179
86443
127619
89604
138690
153396
12703
31384
73204
46667
40549
164053
34483
54460
163605
11227
46575
60618
149469
75950
171754
143059
6930
136591
106392
6953
94746
20904
89340
70835
158635
63485
99212
158928
58790
97847
175195
136202
153558
53453
30332
50421
80225
161844
30555
164794
151607
149726
70577
153844
93861
185815
56444
71668
169720
20941
54429
11204
140257
119934
80056
76632
131726
2939
42503
144996
92245
173101
131873
64859
147349
66485
184428
8892
95404
26680
115006
127128
85398
48684
81347
43159
68433
174539
72897
134850
56290
128174
167668
17237
70991
48634
55225
51638
165482
151250
39259
16167
34049
165305
154511
81568
47322
62758
74245
27472
157604
164014
44145
152018
48609
28958
5523
154895
80910
118030
142557
16176
70496
85167
10102
19734
121906
121184
172423
9357
36292
8332
110806
176927
162362
19821
95603
78465
121104
43380
58797
42366
35669
97978
89020
187441
41941
141394
131620
27088
2352
53521
95587
173570
179672
159632
54709
121552
167324
3263
129621
119811
138902
104232
136697
1662
103668
57875
106269
114631
115132
77429
113939
65051
48198
114790
154578
23865
153438
103702
165992
123876
87465
118040
84078
57965
50322
146969
183778
30409
42620
171180
94613
5589
9677
97609
70240
12453
121699
116819
187609
104504
124856
52344
61624
25148
108719
91137
132921
84565
105895
25330
37959
25110
176974
35810
64307
120211
92458
134687
155695
186059
42914
123003
162838
89283
4635
110564
18588
134511
23598
41246
49108
139523
57080
152209
161247
125901
134053
103210
53306
88556
183753
88506
184039
186723
2836
91375
31420
115192
185911
154541
105560
166058
106754
24266
58526
140649
151491
183848
11772
27907
171643
16162
84092
64455
10345
55933
103279
62692
21521
116978
170371
175208
104522
36453
42114
175433
65833
140446
156749
157495
88496
143702
169068
167382
170688
110597
187056
103156
26153
155590
42384
161531
142354
52868
100739
23343
124742
14755
169222
123616
30500
177584
90535
150640
94005
44226
127119
73292
56867
177255
7219
165177
78506
106400
34983
49254
113916
17070
7432
45385
156133
66124
43078
34828
21586
144786
30645
165135
174981
63606
43649
29746
39705
119320
141251
72030
39337
173730
108118
24874
22733
132540
106049
144342
61053
71202
31121
23693
187460
175030
11293
40219
127634
118463
142362
164659
4713
148033
106843
149138
31251
52491
134963
128736
115327
125544
97251
123371
28450
66543
71163
145900
100950
147987
63498
6610
86064
179871
98311
46587
126890
43244
59498
56131
10051
14705
17347
41416
29429
98523
65992
136851
88393
34921
180497
162714
14568
53775
137905
164084
86379
77028
150408
155943
97983
160758
148122
134306
136327
58327
84975
15577
146300
44360
107506
14751
9687
32338
107953
75297
179074
185966
91472
14624
130870
150846
91332
19011
160771
68481
18941
165053
144584
20347
26798
118713
114531
9760
54399
123541
176861
114222
55154
164582
9763
103980
141569
71462
53897
153425
71103
50360
83894
56013
166476
122413
75632
2567
181792
49798
168511
102244
128407
151410
24309
58594
31547
146636
84769
126323
148980
183398
182626
54824
36412
103691
123379
46287
157547
172065
1053
40301
64900
26650
152860
37296
46400
11437
163460
11637
116222
149473
121040
46807
91711
159432
111155
81433
173924
29063
37813
97592
48709
13058
115172
19506
187111
124058
134149
124345
83173
55992
27186
34058
131257
15246
48392
123772
10339
171667
102763
104889
106259
185277
51060
120903
90780
117007
126679
136740
128656
63522
77452
161557
153826
131049
44179
46103
145908
148296
170516
133305
55840
81147
17260
67340
67061
2026
1539
152884
137845
51493
73037
20549
121778
136697
38746
46800
22439
73574
57100
51697
144426
8232
165090
4992
148527
26814
17499
159177
3856
171869
154986
70106
186026
86721
606
183401
69382
61186
59979
149952
72053
160243
138832
10061
162264
173932
61046
17793
35826
20771
176342
6730
114720
143244
32909
175659
38199
43050
33639
66691
40599
17823
174002
167507
58861
30533
37149
115242
70264
88165
93004
5255
6397
68782
42014
174838
102519
80338
41092
169626
68635
132292
29728
11356
33955
146142
24078
13036
95053
168685
909
77596
99295
62321
35627
24449
78810
26392
55550
64740
24648
165619
85816
96339
1635
54870
161082
91492
95583
141312
152364
89376
46397
141936
46892
162014
163839
120291
144588
54799
137939
61013
135876
55226
15447
30174
174403
150364
105206
144426
61066
54687
50920
35213
49582
137663
104927
54432
179960
76995
82804
87031
182524
60565
80143
50635
42226
14054
130060
130756
27151
31323
147
91680
58851
129726
70621
36184
53431
184046
96232
50865
12553
69312
35256
133948
137728
174738
103185
123099
149741
50100
91683
181304
38773
2019
2576
144577
99546
173460
48674
164686
71764
24595
166625
21293
89764
156381
77857
899
119051
61667
3686
73241
140916
126402
93538
133131
178652
76417
13029
169028
113293
44835
77378
44616
8637
79276
88042
138948
33788
25301
115479
109866
179283
155466
160951
10005
117173
163956
141657
169087
164658
28725
68471
156385
98101
142806
178974
72258
37719
133645
1593
8452
19950
178266
6925
49407
20122
36709
169753
102017
31268
137639
106494
84030
164518
187868
7535
83979
18525
53762
18895
48796
173470
18791
55966
60153
113380
3151
135477
35999
35520
161741
167156
111885
41565
131404
133266
174904
35670
39618
93509
177404
112948
38902
34108
46898
125668
138169
22502
30901
187714
170809
134819
114825
43135
127598
17522
13706
178261
184501
177562
119160
29280
42945
27428
34884
20057
11095
108650
37265
45815
153508
8573
39690
86900
141130
98036
127089
169607
444
153585
76134
185623
36625
150119
107612
155031
62569
117971
155836
125688
15693
134041
103445
140536
11739
168324
171176
143459
154203
134543
186241
125487
51832
11498
21042
88405
83244
84756
46258
172269
81353
135080
169195
59678
39823
128440
106532
22190
95511
133300
106588
2037
75455
142328
83082
156726
138707
65279
101675
146595
90848
166307
6851
57697
145448
42042
170698
45951
45981
126692
117022
113092
133414
74631
13366
165801
87930
157742
119024
64671
114686
122323
49941
98980
158572
152250
145427
175256
34096
34181
163815
128548
134601
38867
41487
35777
184681
14009
183714
145200
180651
82279
188096
3669
102862
131845
153435
58434
131106
50495
23250
158402
78953
85731
169876
74117
1750
50507
79381
91078
150604
137515
74191
20118
105206
143496
32642
61359
2280
99120
151916
106971
102121
178875
110572
122924
53746
57135
129793
184972
142532
31786
3862
161415
9604
46580
79692
113073
145655
86237
102709
14080
111107
34698
704
144217
82230
123023
177908
35977
115264
173288
117844
151317
40326
132127
30477
126949
168015
46056
180123
108016
30467
79724
60575
139683
159249
17842
125349
77143
3629
97099
149101
10501
88576
5684
155920
106530
18329
67911
22085
90278
75074
3874
7995
155974
139540
23495
11733
94270
38359
49572
74212
53276
154566
156364
171361
74791
183108
31704
130025
187610
77258
104192
161429
92075
88938
120406
88144
162953
60354
167386
78270
36784
109194
33152
84276
7795
17557
104003
69055
134411
58575
146767
79214
65516
179371
103758
70539
1373
104046
38104
63969
59587
138480
103819
1715
35870
61964
134378
149262
100672
227
78667
146237
122674
127168
71223
89330
181796
154016
139008
43942
68232
119042
121178
44063
88001
11507
34895
135380
9938
120029
98332
95206
119821
29453
47764
171403
81056
86453
70316
61949
126587
82645
89981
20778
72534
174999
166450
89836
19768
131147
157285
90153
73745
3255
182523
183167
95510
59302
94480
48210
25925
71614
15105
62237
52915
172809
104412
5564
140306
33041
185180
41172
93313
150223
181790
123567
151289
147926
74381
83076
150133
137556
79810
180758
135527
97862
74387
60609
36404
113126
46905
65851
139766
146594
105436
118407
109237
14920
173500
51365
4342
152941
73925
112792
63439
82321
37675
85876
96772
84490
116702
63994
123994
89768
83461
62556
158746
134718
175624
3534
15967
40813
25998
99993
9124
182502
182963
59791
33652
144437
53208
144030
132199
165951
137682
104707
157186
180066
66041
52367
40301
79311
58575
127206
76428
66357
154464
22734
46212
83015
148292
17279
25266
117388
132732
43814
174543
21858
9349
165278
61446
95754
28410
92543
79895
188276
92270
65815
33748
114570
99685
102953
89419
3834
155217
10178
144209
113801
102831
62492
179244
169992
78761
116058
186439
149983
120145
151355
94583
70011
171047
157447
175936
135335
90333
132630
89181
135410
136008
46784
108411
5573
160957
102028
55252
6639
125288
159809
180020
52071
138922
146760
134097
164244
123964
39691
144541
92742
17215
169858
35701
138935
30254
73178
8518
137835
117337
43541
58743
48998
156888
134293
148614
152551
148663
157225
100452
7589
47705
54700
106053
93150
23059
118934
140732
44021
105619
27357
145401
97629
26069
77340
140744
107194
142425
40661
154753
46020
54626
86766
171257
144771
18664
125905
163795
153281
35491
26678
68378
46208
147704
131579
122891
106590
129026
101779
54974
175422
8944
172330
161025
102917
181444
182319
46015
127341
1466
187575
6571
147904
61996
177613
88107
72400
40423
66314
101337
101819
90291
24103
12941
76270
43403
79778
126959
145529
111585
12203
179434
128199
113632
23238
22404
151204
159912
49283
42813
99979
54901
158293
69051
21955
89173
59481
21097
23921
17097
57640
95903
8377
35818
41976
109508
40216
149888
44485
52936
82265
11113
43892
144665
48415
62066
149109
72528
113008
110018
125660
28272
74195
32683
152212
18860
74200
43818
165531
50919
135164
4876
20230
129125
186817
161415
102952
174497
65134
109204
