140725
277748
872960
777612
157222
203762
411088
169457
484646
540508
755454
854489
632180
810231
433383
495125
702041
253728
801656
380378
262167
81541
786560
386167
406939
386362
820620
75207
678630
397310
104469
254970
30089
17085
568842
147942
854382
572085
317526
145513
626326
759631
520012
594756
350897
205803
753319
320622
149790
296035
7192
428957
93328
212551
491370
640782
100709
29641
668814
768103
559624
417774
269488
804036
444481
494452
381734
772341
35983
819747
725762
88135
18358
86297
411309
680635
623021
709926
74221
571590
363690
354874
280256
513574
834635
301688
767026
492467
27522
215244
17908
270176
6230
250503
863393
382776
569754
281540
517827
269758
285090
718627
793497
309711
186843
521428
681101
530276
566409
19287
253952
698342
574521
296218
119746
223541
365088
755779
332823
50383
396833
239664
677478
431576
246725
50493
518761
266989
601840
398583
239667
785029
756519
498378
652321
652359
305006
241712
687952
316370
197498
106720
688044
265955
482236
158170
854840
304169
138284
829731
788138
11858
343399
832305
554829
191412
600203
16429
43111
656377
284323
544021
617646
500363
1005
289193
85692
243732
334177
856843
398363
17903
222177
839348
198910
652868
524258
658524
248695
646286
494384
667466
368121
214712
703317
616904
160326
229400
330370
5661
717702
189294
241342
287390
124405
211289
323169
130309
10494
548728
640440
87682
493039
553430
356293
660044
781501
385607
617571
105007
315903
618561
532604
510856
39697
475141
190122
420565
793799
566348
577449
335592
166368
383815
845674
128316
352779
570375
575037
11475
315166
832765
84444
528088
330643
730297
813523
854278
316878
424519
154665
365316
421743
131126
340989
487191
239325
623779
282987
594857
361898
468696
620146
330234
465068
769724
149849
227053
514170
806234
150649
694791
170737
307549
826062
50035
628260
168614
860301
528902
340537
230509
19817
415332
624440
157684
552922
587654
62886
530131
499062
287982
225326
185456
25899
436765
863851
847248
175031
792592
356126
54197
826759
214023
350010
236503
234679
669327
462894
155085
209574
539519
646663
536069
785038
165231
359287
530964
838835
553602
174973
512840
587045
643784
241170
117907
128437
153598
175814
812872
736149
757332
177506
24463
751496
704759
265398
277634
656755
659767
535970
521676
850443
124733
375892
425971
596314
510273
727644
643353
421624
861088
339300
512477
118157
387230
215719
580883
366829
4608
805486
717843
614239
375777
594967
130310
300446
413227
379196
356802
606720
422135
459812
683290
229734
875354
628867
820410
217148
775844
161236
664521
509723
286628
111763
570965
196096
391087
336927
745621
742992
633682
221680
673617
802935
261152
77053
607253
136496
705013
309625
292259
426119
518851
134629
772497
208215
763093
64801
35319
179462
506922
316950
712663
185784
519036
797163
390525
607336
493599
611833
445825
297049
13262
573036
70599
596709
151183
696839
470167
59010
206108
72417
607941
17845
330883
837880
212515
560793
377656
213372
446822
704169
649324
262946
741256
438654
720047
154714
241304
740211
296059
724026
428897
247998
226114
644202
425791
572250
817256
121084
255493
696299
547510
59938
766942
478009
781966
108475
575755
531141
409332
732524
817983
479355
493535
790034
597311
280601
142181
249704
816350
701925
499925
457527
359113
321478
109691
83385
853049
817789
205362
814898
388791
296535
543565
617077
172965
619010
858053
613567
666024
468852
746229
332969
789468
467876
576076
535002
727706
627223
381697
149624
525809
377067
482848
421624
358987
862427
650602
341314
50769
759115
472270
482374
524175
582880
582836
578557
739847
204239
515763
591841
523649
185251
81836
115223
780086
828354
428775
489109
229474
656769
107359
435267
145879
594982
470199
837915
781084
52804
239479
567356
747113
79130
316817
483109
461849
854317
108484
506759
398494
730734
328361
535692
223844
137659
80417
639780
684143
205668
273999
10589
697910
860045
4596
351424
634713
122981
818548
395257
482030
181672
492012
71827
77616
685535
800220
832304
226438
274498
277541
370287
779189
82358
348672
148734
333250
607637
29742
95149
467082
608388
23213
341118
540480
674051
502674
476165
585576
650958
376564
315917
183183
802428
333924
681002
773398
809430
267344
573416
355472
756800
256612
250054
145025
50631
224164
1691
746661
405406
32219
295339
577180
645809
270119
356286
514157
665680
854110
301843
260564
276101
538061
290592
872258
334880
12011
73733
320542
323933
147058
679659
88939
397214
307396
85111
8688
604904
559429
97298
292794
405553
110704
488856
776983
201344
633035
428539
222536
798208
275507
42658
156482
229669
227877
621258
585843
41382
697378
491763
875135
519089
77391
734543
381025
663367
798785
703978
407684
549986
316563
867960
346787
205037
12287
98886
96883
792428
509665
156222
122378
21608
782055
129509
184736
561832
363010
348427
582890
47550
845041
238283
539944
825734
440687
630831
435845
541627
434692
161636
862594
797853
158991
297157
91297
775969
534498
848972
135061
649427
638138
175528
182438
318863
425357
540368
227886
234513
299296
170766
79553
726088
734998
239451
367341
661452
338864
854565
522629
607324
474616
750338
694011
294891
222197
437618
859697
757693
282180
442853
296099
802573
761128
231462
124188
352630
526137
696026
587241
727179
120968
169935
100858
314949
408802
234368
598956
854947
374479
712870
522346
397869
340359
300027
69167
499057
571319
243504
366164
344143
31025
676192
119326
125121
432253
734276
441142
793866
750219
695730
285498
454589
772172
851861
199508
760107
541368
263226
628393
864753
174768
264863
843803
305650
37259
349499
633757
248978
347188
75596
202633
72923
305547
90333
33439
21515
365507
45157
404397
705849
796194
598274
366089
813041
643610
499192
671551
668541
666143
150516
627839
520295
423537
709333
316547
616242
104540
783675
184339
614228
358446
102739
412164
854506
312438
241026
787457
816720
846807
243731
59052
335790
144692
499817
174423
42113
56383
859924
336754
217490
706953
573384
267127
678745
350183
197634
203829
163700
231071
133480
304340
854989
213572
493427
785054
332170
767061
623457
21079
686548
188346
668508
457620
350306
636809
329060
708707
649321
800967
227480
91727
770173
728296
230761
612146
767247
796686
314067
751707
605951
198846
721858
342739
790530
719585
841379
201530
41944
789381
278342
299401
38233
753271
534420
658820
482450
735457
347279
690651
427870
278666
275426
807037
819053
654999
114257
127377
802395
11138
863557
549166
871964
439834
601198
532583
35261
867588
397482
573900
477522
304052
497932
77496
662763
831944
743396
71868
752710
86949
187862
334833
854052
53896
603822
662936
129010
199075
791166
397971
520154
796229
201810
208378
48163
745453
860403
813208
341669
307184
407760
785924
544136
681252
831663
655389
232836
757629
174086
160158
642219
850579
483262
263562
370315
656173
44545
700871
382572
775546
361957
283384
179874
253875
331904
400258
372507
174517
17
557841
70419
476644
552176
92164
77250
829789
546182
838985
766102
788706
814202
745588
379349
762729
129646
569944
708951
853797
444018
176497
359453
411828
217659
719377
