348218
667062
148594
624219
196099
656542
826398
248679
625506
93086
559279
785038
868931
490799
166224
683296
69285
299467
600304
61379
28293
304897
660658
202099
845953
15865
94496
593256
165023
677674
882447
627300
284484
822922
158207
508743
572008
827785
70072
174001
131928
558359
648426
787343
570819
65864
777008
381991
770011
463795
616746
230043
575822
7683
876789
786760
105783
641367
626603
677453
548249
42074
662975
357798
602103
673041
811717
743860
724970
761923
13898
352212
292741
492151
232247
344623
731808
106964
727411
824611
799644
364162
55162
491288
786997
101690
252882
744084
529281
95647
563428
18062
384756
554637
837851
621904
360349
265728
704610
374226
768874
55586
170040
200006
314662
834797
407632
100353
494090
612659
471185
283076
286553
311684
888421
740973
154143
181708
267664
784145
609085
41935
587121
680044
603808
227480
883379
754944
689403
93204
356751
849484
623245
734675
477838
577043
51418
25696
197736
873489
345045
138822
648451
835380
7645
567797
842126
157174
725736
5520
721067
501992
90330
618004
873640
112445
760502
284384
177310
514620
845637
844597
200190
66965
652052
331720
407353
521895
702296
759751
785402
656469
485434
537775
806936
185426
755363
277910
730394
307943
160117
418988
115972
787419
752699
440222
496023
859291
879322
558345
787242
759018
815566
144428
346338
263670
509378
800530
165621
880152
562423
154807
424960
38525
237722
607309
592428
5454
205782
9628
96978
75678
220091
581121
163098
423161
676044
144986
677415
488567
720770
647635
391415
69129
870515
381643
180217
626204
834767
313886
407277
566617
667384
654189
769099
611407
161467
12159
169223
843349
530408
754704
480460
599127
607480
110602
312287
746055
434640
655147
740777
879470
484114
623377
508071
796888
131944
801690
785794
159247
356262
469990
470835
745407
715097
834657
668509
545326
59056
214658
372120
807875
110509
292949
453804
494176
193970
783843
669952
595158
378375
167734
393970
109247
381539
790166
709832
618700
189433
172574
645763
845697
424509
199183
301483
643216
545200
35751
342302
833132
207022
548860
591829
323612
405109
694924
247617
476717
17458
596217
470352
607807
624935
377760
112397
549449
516601
299656
422195
410479
320168
783752
10315
162070
53773
790240
534291
551402
140525
604942
85118
149308
729255
375150
731514
667620
498285
602044
343751
325299
2401
169606
450203
518132
447777
167469
300475
123657
572891
699178
259296
870385
847741
266040
146931
443288
833923
875340
877009
634709
667405
424980
276955
230901
447025
247319
88815
313145
295483
539349
501234
288283
775361
41785
618891
249026
257616
331257
52244
290610
704167
875899
190384
350054
855910
15410
762790
691800
294276
7772
274916
49466
433928
211521
720476
850207
462476
463067
215082
813595
800427
815773
668053
443736
313070
398125
581052
280894
344776
113131
383967
247276
455344
383913
730106
402399
681213
122737
315616
76429
811221
877821
661541
384992
451710
117087
888770
99175
233185
878043
535642
414036
391140
431352
462884
323446
286079
761675
669280
818884
50045
541292
143205
692330
657068
488584
778732
546541
880388
200406
670374
164236
14953
850585
314445
270379
351363
343659
199956
226511
744878
700123
757420
134230
403261
390613
211426
235278
137965
117640
773272
189390
16339
218042
522028
610838
215873
135949
446249
362604
352899
539866
852012
237889
77995
662269
296696
532907
705648
376199
433044
246272
191529
23104
797182
526323
650335
779125
33324
212637
381596
779110
422514
334236
441184
41857
88679
520897
99537
608636
484473
499002
283538
340988
637702
296736
688804
476368
728107
606215
757342
889782
725645
652812
705653
681556
775689
230693
354738
36620
213911
547303
325070
397228
650260
212614
444259
546046
198905
60405
880869
747014
331728
763138
518766
490153
654779
18163
5714
280666
874612
860498
844959
396513
166280
245993
602289
129281
779023
602111
112508
34738
166066
212542
439338
614607
480811
554807
65055
642648
650157
359527
528106
298992
379067
600180
653290
603264
35621
39162
145117
868410
209071
453571
215827
546469
174027
109444
861130
264949
93470
193390
881800
625046
378633
749710
332598
873044
865076
857430
78427
439383
472614
368235
614588
871162
365825
714798
94731
788535
712383
320477
224625
491240
729398
710079
228371
519525
104758
777102
192623
483170
587197
251251
148052
560216
506815
654100
126492
218869
353396
257027
84047
334528
87403
846535
376259
158634
731864
428219
174981
840865
421871
867781
300814
815192
642047
677068
708383
787807
435037
450363
800538
14365
42352
714780
581932
593853
628410
765913
730116
731050
844545
149568
804701
291633
304939
203046
801652
460673
888745
166625
441887
756761
240149
571672
275534
862440
805886
717650
436912
837278
468322
94977
788140
674155
758377
529679
90424
571715
179495
301268
266491
625554
869938
228760
832655
618772
361354
676558
642351
298239
479414
791512
281835
281094
171792
104257
372243
294833
195855
702914
695661
179712
9912
404308
512005
713904
171281
576448
599004
867208
372960
716061
272393
146526
617720
423940
123196
292942
373686
103443
555886
76452
581618
36394
303947
211637
46938
553465
663763
122401
490676
543321
762160
600983
72539
649067
829427
203157
750122
525382
378207
29795
542994
405716
857163
708247
278587
202528
610730
338687
222739
164282
304814
770147
369946
886505
22609
792844
164497
208399
241467
289174
504700
687667
549579
403317
806380
649805
239751
319972
594072
142337
477031
268701
118942
289479
377935
576791
194590
487603
659314
444272
490787
446876
784499
359988
382235
235991
45219
302746
334794
885458
448585
673707
587394
805674
204905
222536
79676
308533
495851
73758
311291
542239
629422
611851
823020
470520
798818
805067
488819
236594
510979
847459
572133
91682
723739
325241
349968
281059
340850
226812
656914
693860
720601
839464
887989
11718
381152
100111
149216
821033
366648
738156
379571
504103
556656
242006
238325
776105
229316
306204
777821
67097
768778
416045
354578
237577
116875
1243
643707
91607
667156
177039
166787
103402
417081
319392
695992
60276
11535
145415
504550
164742
184776
520892
25272
302569
594724
645549
40672
848166
208171
111850
756058
277681
501306
650658
338883
634440
278846
48955
442912
676771
505966
135600
385456
841441
816968
161318
645512
662994
23751
272954
492447
859967
391413
319641
795345
39877
160991
711216
287985
148032
735752
593797
729859
398802
784601
374126
93045
550179
335438
619774
73425
295399
888903
347584
70451
67173
361409
268466
471810
764234
566927
335905
197233
834831
692527
472240
94786
430341
587083
146317
360365
416091
710691
846042
847933
808586
725541
122438
288862
244712
715510
599846
876295
132741
161108
406970
394037
456560
356035
95600
356549
361962
484506
213708
474543
95214
351233
568558
517644
500842
397871
408690
444292
543739
697445
588558
774078
454007
547022
366925
840094
446723
376886
257354
310659
537618
254266
403488
561224
369916
767404
609622
136499
93513
313430
719510
743057
222585
44785
626646
221351
390836
621476
812788
702947
604301
314447
835968
152037
757797
408518
88468
230701
256264
174740
542785
631759
520265
