80450
42132
27276
165102
177036
20403
122128
33720
33328
5233
157371
104212
110185
172867
12225
90121
28432
158894
1675
81204
95938
25114
178964
43374
146430
182342
162095
15423
73846
136180
124443
114380
27390
108809
44758
180255
182997
149246
72946
21660
165101
159856
62252
118763
113716
12851
26455
72540
45741
34280
139446
35865
137951
139955
30454
82606
129855
160350
85500
178095
119630
117651
33176
55556
69921
148051
22837
110865
109957
108483
54808
95964
99739
110554
179669
137808
832
52961
6485
137802
45417
118611
113305
169704
151619
87905
160251
160354
29403
101166
10025
77495
150229
96794
42235
6725
85210
165751
96029
184154
65703
119478
59769
10625
83374
78401
146667
39014
800
149222
171082
61155
68038
60919
46434
6269
182413
136827
120549
75853
150037
88681
162505
92238
95813
159662
94817
7508
61600
100226
82094
163157
135994
118274
62175
58229
55444
175376
120010
168672
127919
120305
10024
55103
68181
16283
93420
132165
94858
22634
79564
25721
136311
1716
56422
91928
7605
93710
8843
51866
84486
15831
39631
23499
101392
139759
27274
8938
108116
65421
10463
66980
152588
77619
57560
4419
47910
51892
57310
123407
84373
170713
109687
15220
41980
131770
162861
130262
181441
92335
113845
135707
73860
110794
140539
129036
168529
29038
128314
132300
64159
54155
122459
63087
10136
12936
57160
145852
161118
177924
8017
166383
61131
23689
21314
39021
114232
132975
169000
102168
173788
97438
49547
121018
76584
103540
90892
94691
143547
19717
40431
100723
10160
20177
144995
58723
100585
182792
177567
122261
166089
31884
66963
158911
33713
134419
126049
107526
113709
161433
79704
49892
146813
120515
58087
99026
112350
6623
175805
76026
3271
58192
74377
118539
76245
45938
67892
126585
43724
171351
132692
61945
113448
163741
49057
108708
161471
180752
164810
177098
67262
93329
141727
46324
10690
20236
75825
65440
86480
61414
86120
60237
152138
158060
13033
126471
158966
159813
91322
166396
166932
161545
104645
164599
9912
9711
109786
51077
134024
112522
84542
9220
93774
7131
178938
125126
29983
101949
111331
140359
61914
100829
78924
8920
53057
20485
173231
38030
139637
176755
95762
87629
98201
22227
66130
133116
11069
39075
153236
22105
181384
31096
180893
77328
129937
46671
130195
160055
18922
36566
162276
166128
131249
22925
97432
19714
50604
94600
133195
145954
45993
128931
20391
100861
80759
170259
74643
73249
78382
118914
123506
25364
104843
70682
56732
56776
96601
166825
32666
15193
32097
147298
164716
58404
80570
67740
21557
24106
126479
6216
184235
41159
109714
18036
71533
81234
157361
73837
90254
5779
17559
173097
79837
5548
86574
152382
100695
81430
147359
31586
60217
8721
168443
141698
106615
35652
159057
28957
108992
161957
162384
100994
39761
23962
147451
151899
107321
159097
1279
23381
164222
741
180310
49442
52619
140557
340
104956
111220
34560
180645
104051
165538
103911
11253
59475
169282
3486
116596
73587
163769
72002
151582
62987
103006
21655
119707
99855
49743
94862
22885
56449
8513
8204
21003
149111
64629
1382
132084
161014
171841
133794
182176
44734
104293
9219
156398
39216
160970
43315
165986
169275
38602
11268
94057
107266
176429
130794
30566
108327
28740
114194
124023
35012
7566
110103
103478
147654
101796
44104
29688
125706
100662
32368
147936
19050
92202
78576
151385
123139
98277
16817
73734
19341
59050
77944
8832
54213
148282
96103
20818
175245
118093
162868
25159
75383
134445
122145
127365
11398
115522
96017
4753
47910
38536
1015
181366
1952
181312
133079
106033
141597
35436
170293
123032
112096
125017
84907
138106
13006
115768
113387
142539
65491
9
83068
19542
173722
180866
14976
146412
19094
42151
32660
139526
113565
11361
3142
105731
148852
180054
109025
149800
48187
145423
76429
15672
32919
55259
82273
178040
44310
24305
45429
152895
120429
104939
120058
65912
118380
52132
180128
125133
12548
121352
83719
76876
21895
48790
140415
180870
68254
64305
160552
42341
79470
175966
87228
5305
10388
11702
46505
57402
2224
101495
32080
59665
115777
173910
117887
182246
136854
108813
106819
157153
52312
94753
119895
17632
131439
143778
153935
116146
78434
157671
179818
182767
138759
40923
20616
49788
57814
156324
27953
132485
55588
113666
164598
62078
174048
152074
2670
98106
132987
131088
11013
62597
106626
72924
38114
177904
2841
152008
150036
121764
86517
84829
19293
175841
100573
152987
84132
158964
11751
27521
27229
41250
136695
140123
8212
19161
21559
96402
182233
84413
137102
162433
2447
26052
84534
180178
161684
62155
103156
11500
175509
15799
39805
17940
47549
28943
49188
27485
26814
8820
97828
121792
7014
38013
14842
89322
136681
34297
150352
132213
160894
19855
46259
90942
15831
58854
84940
13552
18301
21801
177418
35075
142848
166599
12598
51684
94706
134301
74290
108237
96836
136498
21441
74468
132847
84303
4109
126339
114261
58704
107650
41439
58290
88542
155124
151482
80142
173864
127311
5434
88113
47229
150775
140665
30780
86183
37569
99335
28346
95262
683
80981
125642
166243
11095
38340
143417
171112
78471
43539
61061
108351
107389
166699
148316
126517
70841
129172
36789
104087
138491
151851
118109
119819
126401
28466
135445
2685
103912
103591
98412
34821
111375
68630
76315
182297
5144
158718
142998
164979
19780
162054
62462
89131
34789
26129
62660
138252
91683
149410
169555
81943
167104
22823
102899
59311
169594
169230
156676
106442
107420
3555
156006
52907
53712
68688
136653
127510
156553
9827
177578
165198
127360
144994
50113
103874
108376
144184
145120
179019
29863
22208
55151
11790
117827
24234
87746
77577
124521
125983
133261
84036
143626
159337
31457
175245
108659
41377
76384
28117
81910
112699
115626
142022
142442
150977
179113
51760
100760
25417
98651
50049
95463
6240
47015
125886
127786
66464
153727
101655
133791
117676
183719
8406
103993
124693
161528
156692
171518
54288
135751
30426
105204
93298
37064
71051
23740
20405
77292
181756
42081
143276
89957
47669
84607
112542
8927
170755
96723
137728
98533
102349
158080
56740
118338
98860
22828
56943
15336
167562
129217
23825
32767
140209
166154
96441
13533
38421
17622
53578
101098
56360
21541
168951
110469
41518
112935
159905
50124
84100
87757
145727
34494
148208
65635
26472
30561
169365
125432
98376
139576
127615
114764
39251
175754
116377
24571
144486
22247
139217
78480
134799
128490
157202
69891
162621
123571
37585
66934
124134
148699
6606
62663
158863
103574
112894
117584
67516
140460
94502
87963
71283
130069
171536
71091
106080
178720
158459
183776
50727
85560
134256
146364
122976
123769
121975
171709
94250
105662
178
106160
24051
62300
118243
111846
26448
11383
28388
159878
176853
70220
138500
115578
131537
21066
159677
19834
109572
15061
152330
84999
7342
52027
108290
153098
84533
85536
43053
81329
105775
156304
19970
148061
169735
108931
154297
172100
91103
92983
26173
97963
145124
8011
80969
139959
83642
83019
100927
15501
31498
32815
153754
23952
134318
170681
75732
1458
147470
28829
63558
148906
125505
36976
179619
69404
171777
118821
67696
76809
88843
160594
93293
61651
117186
12604
51872
47603
176886
169362
130985
57774
43689
12969
78491
36578
66054
111258
163232
165427
176548
176211
16471
171091
49255
62985
106667
104353
80422
4298
86186
23376
120374
172426
104088
144333
8747
88000
57673
40770
48327
101235
17551
176888
164832
40411
153259
71855
54949
91203
139845
97221
98949
90811
81690
184120
61001
86994
101355
98824
160632
130283
170899
136457
103095
88851
142819
59689
178152
7758
175658
147365
88036
172413
87940
26643
3972
95174
126939
21431
157446
106985
74860
113449
178911
57398
78369
32042
148429
36462
22243
121016
66328
117748
5231
21049
119069
96960
6580
169141
17505
167553
131697
134299
56824
166761
170448
40498
107021
101908
93801
30426
98944
169070
33305
138696
40442
33324
116913
180550
183112
67083
42782
179373
158884
136709
121703
112451
148659
94121
91597
16917
122123
159476
102609
114263
119275
79050
20288
14430
138017
96950
155795
159803
30613
128846
2806
124717
122637
34470
110832
172859
91251
40020
72448
106989
55635
4630
2385
162127
28468
94541
150144
167012
12759
10585
124418
55282
5280
106975
7859
94684
110615
180910
170016
153113
83864
163844
147898
27532
66312
127051
73451
107832
30858
7984
39932
76668
129754
72346
119076
61551
37156
120214
5229
51232
168950
117085
83413
94379
20262
95420
63970
70591
30957
115406
53529
102872
147988
114564
131577
6408
54965
22519
75912
56764
104467
16264
48125
171983
76444
19146
14705
172807
119726
57987
7125
132629
12380
143469
56879
87394
28210
89206
96594
67370
104046
126340
113927
121634
128934
154382
20159
120685
132436
157829
147529
76695
172537
37673
55229
166286
32636
55852
134770
16981
88588
56433
165708
55284
87956
148765
72646
86196
107764
168007
156483
101113
20621
72272
61719
32508
151049
158043
173317
81437
131566
35375
58408
66438
121327
184145
59078
116848
37964
9538
98498
42606
113988
146886
7126
105406
177041
65767
165021
69025
44551
101506
135894
42125
72530
146003
182383
54795
172892
145814
113542
77083
4460
44921
56735
16021
9505
36259
66029
98635
128282
93642
138115
69898
168860
63456
110268
53143
98671
170134
42642
79390
36184
115463
150940
113895
132388
68703
145165
157640
98804
48412
48793
29931
80033
10008
41142
168497
129112
156223
129513
39035
78263
62900
61152
88074
116266
111962
12625
152821
24758
167412
154905
17471
17900
119089
161056
144159
55257
12810
122615
132516
90738
110005
176028
13633
18366
74977
34517
108943
11136
127840
62933
85905
119657
21660
103629
168334
92772
117694
111194
8699
12771
5569
169948
37972
111941
123761
166049
147627
38871
66229
77084
149132
86423
71899
69160
41535
57647
135499
107405
78376
138985
93603
50298
63432
145452
110683
93806
72613
55510
19181
96496
33390
140644
101253
23719
142357
94809
86848
140749
3896
37801
44242
24936
80373
150730
18972
120428
16144
142027
143348
32459
102594
107862
61756
168669
108371
116536
24924
161474
48926
90150
45010
51084
71525
30825
117611
56585
168960
152057
127479
32583
123190
81890
115706
101693
40681
87115
168680
24877
123438
89773
171752
134613
80337
129982
3805
84540
152507
124087
101340
34212
150458
153554
103616
121901
120063
59961
129078
130367
155739
107361
147516
44071
57010
127245
23459
36175
105958
36383
50263
140008
59655
14791
179217
81903
46433
3803
40040
68960
61724
154007
119790
133092
23613
106476
55324
126687
68149
142069
16747
148401
114682
122635
30608
162605
28287
15067
2482
110585
3725
16609
154147
107160
11224
181240
110915
3456
106862
75369
145050
148343
113856
79379
33078
126676
31840
49745
54321
89474
120106
42350
80416
39274
52307
133274
104533
43747
18518
58530
141274
49360
52153
9351
44774
59730
98449
132429
58867
83399
122329
168697
129961
131611
142034
103792
170790
32032
28263
65634
155479
121796
145067
105877
12389
162813
164773
180547
135862
181251
176297
11691
60200
13324
46221
138264
58908
110544
59666
115435
47780
132310
126451
124893
12249
127652
168182
42390
158165
40742
30795
72762
174771
24798
102382
47732
150283
58565
173262
122916
111436
7937
39187
36561
155473
53551
167430
137027
102760
9070
120205
164068
169689
29152
105294
157626
182206
21960
42109
164972
11401
32447
95526
181956
142005
74523
84116
38935
12253
6570
88562
22896
178833
33289
21340
133088
33020
109558
123194
141548
133232
66339
124519
95283
88530
70140
55941
67706
134211
44159
114330
22350
51711
145656
35025
96139
179341
30663
165041
136664
10237
20241
47749
39510
90477
126408
42495
63529
110736
130627
178032
51958
49162
29990
139072
2251
11349
115632
6583
164907
104039
148481
52984
31843
58127
64259
43490
27443
5509
9361
54515
169337
155265
58558
28893
137386
170526
44742
40616
141017
23644
106641
41777
76474
13711
174140
3627
56873
29178
141133
65720
149576
162354
137715
169518
128207
141784
136384
139737
45283
172652
74760
105763
83922
147359
48146
83264
7435
128948
114089
350
154463
122220
144523
155971
83751
182289
52775
72629
25968
171905
34066
18969
10768
2167
160832
127591
37976
162993
115985
104228
77378
106689
52799
126774
56093
119448
102928
124922
11828
80406
181692
99652
106869
7571
136760
135204
63761
106243
116065
94618
156414
175268
97430
8773
100857
41010
54624
126455
88075
53148
137728
60387
104863
13149
129835
86687
32551
19022
91985
24712
162639
81146
46699
96643
13262
165678
63401
69257
54975
42650
113366
128212
16416
30447
66368
9742
163020
3401
32159
68618
45890
65376
42490
109404
69885
110321
51314
166574
165548
40475
121960
172549
126323
54775
20858
103611
166420
61672
114934
37660
97143
47164
146075
114898
89596
75837
97468
51707
132764
172418
133976
50456
40841
31942
133325
85746
103993
5781
73341
64055
112387
47306
166498
68577
92503
163947
121526
39489
109620
92680
82841
142117
16777
140592
64241
79045
168026
130228
48971
160106
173456
114096
43717
46208
2841
160756
115242
20684
179569
25392
65231
47514
34775
157063
83946
111274
123858
24176
155499
163924
177136
50222
159291
82253
1212
13020
165712
38105
53001
158883
89347
63880
183210
75567
178603
44794
151578
35674
106780
98700
142201
41277
41702
178868
130149
165670
93519
18092
89860
49028
156578
22789
37206
175292
86188
11377
14467
169346
71327
10474
142312
184245
4933
173415
181127
119413
118821
156330
1592
182735
89779
171282
18555
38593
47246
164677
60422
181671
45786
74726
174463
139119
14322
124217
26422
2262
