78298
82498
108550
173360
50842
127323
167179
15070
65817
132766
151649
151942
162459
31113
55160
169820
113554
88164
165838
64013
142802
5065
140954
141617
111786
41519
24749
157814
86017
36697
40839
111384
100889
118611
129483
175664
48225
47841
166431
70906
36772
76579
52005
22961
72129
36973
30511
47641
173001
148957
111330
3879
70356
23447
92576
113775
137331
157602
26406
59475
8158
169962
109981
156611
114936
139035
140432
94900
118067
46033
1433
77602
34443
50708
24567
4422
117515
39965
63892
151111
23931
64827
65095
116270
75183
33332
85954
21437
136682
74659
52329
141425
17444
131170
108633
41898
87652
148284
37677
111044
87966
118057
142347
72250
60989
135346
118306
2245
86361
107123
11063
98452
72363
59093
56882
62444
78991
102144
30263
72983
161778
139401
47586
162291
93157
109487
47619
51048
40779
144857
69606
131077
62699
115575
92075
21366
173906
97898
142476
93961
131324
163670
37588
157479
152453
23269
58984
173388
155226
108971
14328
170969
44739
55888
72146
120352
62393
5500
59423
2280
162068
20530
108459
44561
50909
31427
57564
128490
93063
19623
40882
152687
123553
42764
138518
121974
119190
65036
165988
100679
98932
119238
149564
75204
94553
6900
6679
170259
147151
132450
124236
56416
90435
139435
36617
83942
152140
115256
20578
141523
81806
170474
64923
22742
95802
81596
132255
155952
146276
52191
102881
310
68969
76189
66576
111210
160413
112030
152059
82642
171014
93384
24833
83191
43718
124494
146622
49308
125020
42036
73217
145731
107621
166312
97577
158436
54212
20486
88619
78809
138258
36619
150845
113477
122254
105829
168981
57093
122063
54772
143741
54742
24287
96770
4298
72807
82225
93008
142420
53033
99470
98615
160623
65076
95656
79854
97340
50145
1533
116430
152200
144355
47629
90873
78944
122769
77181
27083
171033
1458
142662
156093
142374
124005
6259
96740
32988
95835
103162
46082
109859
85984
164424
65889
22197
166966
171696
25940
114486
140133
86152
83294
51252
67381
9401
111016
146196
160665
134035
111396
175107
53490
58821
50042
95681
75682
94304
150748
26860
105730
137166
82345
91274
102468
112719
145907
27656
75548
38789
6826
39281
97792
134884
132284
733
54976
169132
164747
2404
86376
48479
113819
64240
123640
168304
119649
67391
160171
92211
35531
140019
128818
124747
18321
83233
134883
97088
136676
152726
154352
32514
157820
128044
13187
54904
173455
113025
112138
151299
7448
38064
139859
31067
86799
144718
165199
64597
147912
112176
40865
156431
100861
19118
16461
10290
129827
55143
93548
128619
128619
16365
50177
29240
119863
173649
112063
12508
25989
63466
22440
125667
74284
66186
3209
168752
6941
170319
72156
38619
149649
98318
24829
155561
139958
162719
121474
130205
95281
106282
124073
65664
150901
25803
170521
132412
78847
97984
83140
39988
120397
2769
66577
7596
34949
118961
98551
115710
84343
136186
59039
157473
153905
168786
51648
126658
136728
119210
51561
126949
80710
139232
166094
115604
120148
12897
33910
68684
92484
118425
36577
107556
52254
68994
46772
5126
99816
95220
160899
110065
77584
73196
7581
97977
77506
31646
89243
101289
145008
31730
69475
55308
77899
84230
1069
89484
49692
171380
51304
32175
154793
100320
94815
22157
127147
102659
48591
58801
416
125229
44301
160355
2123
142230
59931
113072
4867
148180
129598
134918
110772
31771
147200
140251
58493
18176
108991
141070
155580
105618
80
172891
120313
48124
156201
25900
45001
86478
156207
117727
62793
38145
12360
169632
98561
37865
144785
64911
50013
62089
92184
83826
132348
105172
43472
12020
114601
64050
150124
119965
54799
124674
111325
135090
22076
49849
80695
60300
144081
69222
70583
175981
19349
21900
20423
101933
87660
62531
95773
163032
89903
139551
51670
129964
119156
51943
63216
76124
41490
112946
21218
11814
131573
6322
164946
164889
131673
142620
77696
166031
123614
12253
26771
22722
4140
95564
82471
120452
97691
23538
58262
81761
150900
37598
71028
67143
98908
81831
147974
57319
116802
87853
102341
52102
40632
20381
6676
12609
74806
128313
77813
133824
82586
4912
135413
85506
64578
82957
175702
52596
79441
22366
175895
110868
49508
171529
55285
68763
22222
57481
6455
44554
141340
111283
115434
97060
39037
45205
122522
32997
108000
82377
166620
35499
113161
105401
82753
77807
13318
149152
86654
116826
25542
166058
265
107151
144972
131510
53590
134397
61735
1174
31427
142108
60749
4729
7115
22205
171386
81762
2224
31590
44833
25737
100458
66183
19624
639
89011
118242
147504
48689
110467
155158
956
137154
159554
31047
40131
58518
45200
77594
50622
74649
42522
82991
105790
163212
96876
112936
165500
71051
39359
105266
114038
4071
102127
3602
118872
118381
159255
89477
48690
152029
15045
26225
158317
60592
148140
129070
81651
126559
19841
92751
161510
37216
129000
36185
148542
143095
49400
91590
6024
88629
141580
15530
32350
94270
124289
152988
112956
38409
34240
4412
112130
4313
173953
126826
35795
100430
28122
64833
157153
58657
118316
136439
151971
74518
38198
169858
63797
27516
175081
7584
74616
65750
63243
103270
68367
61176
18521
114750
87561
28380
128346
110707
83941
51796
76441
136470
162898
108333
1709
40492
79000
48937
99875
12858
101858
120520
144839
47923
68858
112935
25961
45169
76996
10696
74793
138526
73139
107015
98026
134787
87065
86440
162014
116330
75363
110303
124495
106347
86701
80721
125680
115268
175262
50259
137967
171623
2810
33184
118824
20781
124451
110889
126795
42888
52191
123000
73695
91112
161567
25131
23647
46237
42567
155251
125055
49096
49567
101707
169769
18725
85570
112061
131156
151780
101085
175900
58150
78036
107720
119381
108341
21404
140294
151815
27408
48577
64873
10579
138683
55525
90130
106075
103636
98293
96524
5608
116611
126106
66157
133547
111362
109244
106469
99755
66785
77745
36368
40022
133633
29494
14177
84672
27928
86535
159384
163872
136000
114444
93401
12799
19417
120670
41429
172927
112164
52079
50201
21638
155993
137032
127799
82161
44717
14694
121353
169564
126445
32529
71780
114694
110784
175368
99040
137162
31949
108885
121123
141702
123313
146579
160243
37167
140927
31603
164694
23882
122942
41832
99866
130684
149346
97057
135517
110405
17999
46383
32816
17731
8186
122344
130234
50615
132320
135097
73413
30141
21703
168414
60400
19897
167261
93787
15645
151281
80198
119123
11711
31849
129901
126190
71965
74794
150733
44158
77962
24494
76301
136101
173315
167321
137999
133826
163352
161024
151976
171148
100137
70315
45517
13857
75842
143707
21658
59827
131615
78638
171039
122906
43722
113121
41614
95588
47116
112293
22684
75705
24272
3051
52911
29862
2939
93850
126845
21462
13147
9013
156377
72451
165869
63662
173651
140790
41681
26134
125744
134613
112038
154914
147409
3164
73557
32660
63026
111895
33397
88944
75935
161340
22443
74022
102724
165606
81895
134892
6246
161061
18119
73815
23179
26863
39874
69672
39738
158222
102067
149895
141405
147773
16180
112649
53812
87931
81683
23217
116244
144470
84662
13978
57892
32260
73299
38736
38209
128978
35282
31243
123421
34200
38947
130255
77868
167098
6495
173780
127429
83517
20967
109386
36424
100581
42089
55236
35749
57033
36988
15987
158934
127583
118399
18753
168161
106367
86383
6941
90422
70312
69357
63508
19420
83700
145990
128462
73493
130285
170167
71579
43851
170626
74556
149055
133887
81851
67398
72252
62430
31489
38092
140422
12156
136090
127384
8854
131377
35512
42310
95746
117497
34676
29761
2160
158152
62035
127170
151008
154885
80719
112379
146874
43626
48353
113731
116971
173241
52599
114943
3062
117530
37117
49521
3486
51383
25842
45589
28371
42897
23986
70074
85719
34606
95595
33094
57017
142547
102789
135157
45489
110178
83582
48695
170469
134889
11689
78646
158461
35910
16234
137319
35540
95811
136345
163778
106476
157411
159885
33138
109333
175689
166667
132677
22365
141251
18714
125325
56646
175614
59968
60385
172268
90177
127205
54083
61655
32341
97122
27988
62052
76425
22424
55491
52405
134114
79616
98439
131165
19432
80815
81093
93766
86271
137859
141987
14692
151273
53261
73631
13167
70893
106936
160275
161268
16485
115887
124628
101738
124853
117095
19647
89494
25528
59876
66301
101424
101796
155346
38045
89251
2167
41921
11820
74875
34253
88957
90328
118042
147545
93756
55884
39205
164732
171498
70855
162878
72275
150198
75635
150543
11332
15956
94108
108245
46996
44216
12231
140248
156064
103530
33229
134561
11264
101093
99184
27758
22436
32052
93413
124145
17205
123988
113445
155876
74588
107719
40889
149383
33065
76356
25049
47877
2027
71413
147275
127907
68698
98697
14323
36633
33618
173218
19638
9830
125954
22782
51681
129275
150198
102693
168212
44314
19036
76694
109568
92110
170474
4234
102487
110379
66902
134924
94198
34868
11754
130834
174496
24096
27431
6278
155392
156669
36674
86101
135042
49496
77957
15703
152470
174871
72771
36691
16553
17412
96714
94323
48621
107219
140198
15158
17543
90717
123181
52105
13668
171799
131162
15394
8055
60200
54747
145902
163821
64935
55311
161418
125204
133545
167374
146036
166389
62490
69680
26843
155501
159731
72711
137185
165634
64866
173335
155402
90631
51509
165551
127954
169520
19609
131052
141642
112646
117886
137874
83569
145440
57408
14966
130499
119098
66143
122394
21175
162507
159257
57534
6393
69780
109607
66482
156276
88722
135224
112680
28904
36987
24511
16076
41894
119045
55556
140158
132962
91259
162191
123471
153840
62078
24873
28048
3816
77595
106295
164417
173739
52601
101700
93465
43481
168715
31293
106763
160494
152307
16682
5226
67353
125425
21277
61233
70237
50070
59648
52394
17491
14527
24205
128528
63044
105465
101180
41365
109205
105195
90692
89609
47259
150614
90030
31113
84959
37263
10184
73623
32492
51151
35136
14300
83294
61602
118301
123889
163926
145126
31859
90457
134328
113775
101233
156636
69019
95672
77262
134653
119436
88898
149801
170065
67943
92364
159116
21953
61315
115813
55319
79006
62319
174560
167472
124660
109077
156321
63644
14479
106524
26271
86879
70988
77816
79794
120122
72061
63074
35201
106417
90526
144628
98969
133180
4910
84176
45999
168978
125852
67718
126426
122480
98061
89280
171129
137872
31263
45433
19714
51940
163365
50257
27229
165444
53018
39745
96019
113339
147395
78208
121706
81363
134622
102219
6739
164199
43487
35988
79355
103725
104941
80528
77729
175614
41292
67345
113025
56516
5130
112291
71704
167111
1158
174552
37405
104999
117313
29345
46457
34997
91090
58653
18694
72017
36018
114932
49233
151374
409
57652
157140
84388
79700
120540
77195
118736
79797
20841
25483
19373
174942
154655
136548
55030
27133
66840
60810
136450
103800
63199
2824
47217
149277
144531
19807
168071
131443
50616
146596
81791
66563
8786
30232
158964
11069
108282
173859
124511
115272
162902
49496
112678
149618
52683
63124
62152
72662
60552
109617
158562
84192
24888
16685
10837
86271
156124
73347
166029
90562
126585
167373
116955
172283
84212
37560
138868
34828
167306
97826
122046
170723
110068
162404
27513
123536
92789
142023
171866
84923
158201
152334
138924
29884
118009
61405
42895
60811
145885
63680
37048
57385
60326
100280
111129
109607
43756
20934
18556
121380
2089
118943
142697
84401
60560
159008
53775
22839
34788
18602
172125
52
47528
22073
44640
39635
62821
133655
128499
169947
77257
103886
150097
6926
140777
96814
17680
108150
25903
100594
5925
137271
135028
128555
143427
166344
47885
68117
154821
52961
63218
3357
111053
131027
132343
134901
36828
39556
122905
48509
34055
101161
129104
25680
82907
169301
103367
175016
172564
44274
165112
42811
176042
2240
109731
2018
49466
91725
11338
166838
12201
171853
17690
121049
30865
11016
83813
130386
74666
86294
113703
32149
128783
172537
93438
122035
143669
114859
65458
25159
18887
13762
27647
168883
129200
11245
13319
40080
129148
18093
48032
33004
108833
161492
133174
42395
114800
32468
34667
45698
110165
80576
28383
104592
121364
175186
132913
50294
94078
96941
132105
74779
61785
30876
78669
35906
8762
102845
49870
19010
141979
42980
110999
79671
111720
75192
168061
141442
75900
3523
101882
165396
150688
20296
93523
96686
69643
35538
56195
155513
128885
50243
139292
161442
26200
52703
147879
108059
36582
147587
75661
15797
122532
126367
118857
152142
166555
26356
86938
44989
150189
260
19059
118250
98659
66698
123394
102588
141780
92183
44711
51076
2059
113158
42781
119086
73539
18876
173606
143310
8116
88909
90465
173424
165181
86387
14211
132266
71320
21789
94820
57093
162642
115279
72360
128975
160678
105084
49253
13415
68548
13146
12281
143823
158956
166815
26902
14651
118299
65060
1721
74012
23145
118631
7557
87462
165985
106915
36678
80821
153482
20488
99805
120878
15422
62711
74605
167355
165833
103439
9402
85449
159930
155311
63609
63360
6996
109325
53553
124677
133966
67364
9942
160828
157872
69494
23242
107733
130073
142832
54631
140815
162141
117533
149018
71679
100556
34381
72381
82152
136380
109102
41924
56767
69233
8853
88437
91065
49152
84100
99210
157121
4953
4894
51879
55222
1726
6752
18831
7514
59654
26227
36862
46593
7162
38900
69068
170789
139832
160033
164492
172159
155934
5927
58436
170864
28681
129068
131446
9207
32187
85016
32107
88627
129445
50690
137541
118930
97111
100242
176070
45851
87333
165343
8756
96015
88189
88154
21896
126050
94473
12706
158092
46102
99407
75222
