121140
70540
14682
51611
115381
116899
12209
34347
185967
181370
138718
63644
14623
42401
3973
175098
95237
16007
6899
19332
70233
163569
140100
40972
179350
22378
18128
120972
25790
69224
105946
28012
106187
125447
98952
147018
40215
91632
105127
114134
50548
136412
105093
40889
174309
180286
19919
101542
55712
187929
137986
36726
105905
149607
62957
57996
4376
56478
99892
94541
70333
182068
169395
115282
132213
146945
159252
35755
101471
111606
37425
6128
65938
89413
150609
27539
156341
141312
32430
71759
63335
97029
162461
23443
83660
110358
34614
109575
57983
80785
125307
57808
24788
101622
103829
69245
87082
53135
126165
127286
120390
168448
25881
35889
143886
74488
175058
134767
100063
132418
84966
85894
141818
64425
72806
156800
85615
127541
13019
119504
83434
153561
87712
181601
171954
97511
74344
125010
156198
77981
118341
172278
182126
57907
2402
114904
42273
134903
158369
156211
21044
68661
24218
3673
143990
12422
187988
188051
115686
139808
151831
35936
90026
87075
71926
31434
149137
50515
103462
74436
141710
171121
106393
178276
34067
171238
26753
156075
104293
167937
80562
150366
52153
23368
661
175150
34712
28938
151128
104375
36403
8274
70866
167916
180026
109232
182037
96118
87342
103620
121252
4725
69479
63286
177865
61506
188402
14302
177206
154136
88258
89069
1800
86119
12609
37337
84312
84716
57696
134765
12103
17886
78666
60549
133434
127020
111941
159030
7422
35737
42777
33254
101976
85170
156540
147643
56990
113815
124164
16519
123846
11872
51177
119757
169948
64728
8957
61082
151093
83029
65628
115048
40818
130612
25433
117060
118114
126410
173793
68477
160695
171892
114432
71913
36794
76495
52935
116866
16449
122634
27091
121427
79640
140167
40120
15133
121169
95097
18794
135096
176225
7235
74744
85909
145669
169977
174286
186542
174351
143541
127378
187262
106070
69418
122875
115051
154069
102188
109262
142611
125173
27995
36627
24654
135938
76124
37916
5493
23084
27032
42323
5862
133685
46220
183625
101916
101113
28971
47778
91719
135923
40771
148619
122694
70722
184081
48009
3246
107497
124117
125209
152615
90696
149845
22363
1387
88040
64402
63576
174899
22058
186896
170076
92621
54026
108946
40937
33643
168487
86695
107887
29498
12151
98920
67057
30124
162552
165789
143316
132075
63621
60578
51517
122777
182424
161845
4557
34278
136970
3033
61785
78796
1625
96658
170934
134162
101084
178654
52365
137607
21444
151609
67999
70285
73820
51341
188172
85943
187293
43929
95175
57148
52231
78511
61357
134493
165119
40771
154692
99269
159140
175959
116016
135773
57905
70486
81640
35161
90293
79496
184404
4503
3314
39673
144545
96260
25786
145335
40316
19968
33631
64165
127141
41010
108977
150295
142295
177363
135574
115540
175597
81454
156736
88231
69650
166088
28306
100623
140916
120199
112743
183003
105516
74433
8974
118301
128539
16382
21765
78657
97438
15313
143782
111296
160180
58539
94601
112966
48610
187115
137255
152522
167754
148331
176400
172587
119355
12236
20287
70980
59978
16626
25356
92010
105042
86410
186274
163784
85863
25012
46462
156656
167298
138442
1495
173434
50199
151028
172915
92096
43357
166437
113497
186888
175051
159597
22598
128390
83400
132648
49225
54997
76708
145133
56724
144894
133516
183774
49672
186986
161957
20150
157478
56408
168983
23509
131578
82106
11232
108848
62967
68586
1026
140388
105163
176459
171164
111334
48066
165118
142914
153127
164542
42819
77775
29058
29687
35808
130212
134153
110403
111758
142176
177739
39645
6480
136394
23703
39102
147894
174372
175306
126921
77787
84176
155169
98007
128056
25974
158253
87154
7166
111174
47066
51177
51553
107831
145800
150070
28191
104579
139982
84715
44094
154854
93568
14597
46984
91505
2828
114861
102754
83258
126873
82386
59565
44814
155611
166656
14952
70765
163931
38962
158503
187804
154179
69909
186327
112011
134538
13412
46274
73624
124307
156598
121097
111645
86424
13658
115603
12944
131941
81782
25806
107379
67016
45453
47759
88275
81173
23478
143320
89498
88861
125997
164668
71294
103074
156357
117130
69270
27713
115775
1964
150480
14594
167879
162717
101304
75593
34203
164500
148694
7291
186845
44371
100640
69525
160010
87955
117341
93883
61708
88816
97552
172401
171593
55130
56280
58378
162514
32324
93895
39744
144187
74789
95123
138430
106823
159054
157536
35137
125759
11958
137221
134109
60237
123257
62532
89780
120772
40451
174993
154421
178536
159632
126875
169501
56693
122849
100099
30109
70171
174597
131934
56282
136717
73237
122658
33066
113371
99777
29226
64768
13150
119977
133887
89851
5264
150516
45813
106873
30751
28898
101588
15088
3755
165210
168816
35770
132360
14613
89545
127988
132364
114174
75397
72513
151177
44759
146158
173629
74531
169236
107384
68637
12864
141621
137747
82593
63575
24969
28162
116288
8785
119586
70883
51041
97377
80012
86580
154052
26020
151248
148101
125900
134424
106669
10202
100408
11455
125820
82392
3355
69774
133448
61605
33282
148005
82534
145684
121229
67991
140567
16267
11537
82661
159887
13154
100189
130760
174450
54098
101799
174238
128818
45701
134412
140855
187736
36756
31625
76412
105469
119396
20503
139716
2034
8849
97282
101875
109224
84096
65177
100026
172451
134462
38497
93533
92681
120203
180343
112525
131015
182266
155305
67417
72785
69796
173933
53829
57340
156902
153251
36544
186587
124961
130902
159177
46762
115226
37933
150487
53042
55909
138820
7874
40311
152079
48726
125738
26329
102129
54461
113511
124196
130419
127670
112527
93356
1865
106622
35240
159000
29854
180188
92134
180285
27388
124095
1054
93853
96716
187539
35849
8917
86459
138011
101019
179483
72318
17303
54477
23337
174129
82720
75332
111650
19433
72187
46200
73694
133522
20628
19698
86414
172246
9626
93876
66709
25505
116297
158525
3469
127720
20589
2435
122154
169818
39332
106118
27041
41483
160347
75509
82819
75238
75423
42240
118960
81453
9860
73415
8113
145376
110704
9078
127148
68216
182081
158368
95475
16510
96110
35229
10556
70474
85073
2306
46751
87802
11019
129759
165445
4839
92725
42802
8972
27792
177332
2906
93902
35118
143788
74220
78213
24582
122536
26254
38120
114350
17219
133290
120815
182403
158915
19475
131522
5727
127849
66775
101883
62065
148002
181488
97522
80760
74654
97846
50862
54402
39873
56289
30973
161565
51636
55844
107048
55879
63884
69069
113058
70835
183488
440
162895
122918
162340
41757
114530
111615
108084
99960
63725
34833
166075
14996
133391
96552
10553
3124
106165
130626
46843
70726
1419
133076
155846
78414
110351
140746
54355
127293
20737
78833
61752
41203
162292
49961
23225
91090
183256
177169
133001
97936
106561
30670
15892
102027
75563
85427
81685
171820
132906
15208
56744
65301
168036
149687
107129
2943
76950
113452
88702
91059
100889
137014
168541
55954
73604
105615
154722
107474
44796
161499
137980
25473
185810
9080
183989
167955
112370
31937
13888
87861
5647
143353
170350
184961
127640
158616
146391
70259
150715
176697
4296
107950
156716
5307
71264
178429
52298
31461
84863
64391
181541
36283
11354
86610
118338
16833
18454
140276
3490
138542
161066
108992
148529
28760
41421
13099
186708
87
15187
171786
92306
28247
37954
119498
7857
38645
123997
39931
139271
1447
1389
65804
14776
40084
44175
172526
173058
10199
156514
60384
75584
81625
90560
139160
135773
50133
185802
183710
144234
33740
26285
25247
18638
40979
176290
99412
17984
105565
60736
74465
146782
106261
168217
145765
34516
81783
143394
129876
48916
51774
33911
46255
4384
8058
7522
46676
14412
180881
111073
146875
102138
186808
177992
96490
114021
2830
23292
99043
185262
58519
187068
18097
136901
57818
137805
167459
48694
90069
63796
43593
51222
61255
62471
6520
8819
63261
154819
60425
71071
50262
171486
29506
50329
69002
173691
80525
96943
65813
65499
84143
126674
40955
40206
100050
51458
123836
35823
90626
39926
168163
54827
122995
180002
168955
4694
137665
54327
133657
104816
74355
14880
89376
120567
52872
44
63044
113794
168961
158352
95974
147301
109116
143164
29984
26285
22053
158613
35849
110878
183016
96335
38200
178351
121245
163695
25285
54727
145834
71817
49070
90279
19156
183462
1646
115113
78311
137325
50771
162838
115948
188131
46566
184445
85865
128669
27500
88825
66181
57147
124732
86018
168779
2599
181071
117563
42457
164756
31295
28025
58516
34334
83208
93283
111405
99197
11155
163131
66993
4491
93956
169766
13207
41604
141585
99467
141762
12297
31611
178530
173836
54553
116656
118317
168141
23025
117158
56252
171075
95582
125910
182287
120566
163733
153467
175275
171123
114327
65461
77835
32876
74059
69164
7503
148157
91713
11498
150796
4791
108033
96177
186010
166423
5456
11200
82468
44143
118309
83158
47566
102533
161650
130994
61358
115482
80157
42589
34745
66469
143568
70962
146007
81659
6216
119962
15992
169598
171637
177154
148168
90858
131516
160313
71364
3678
49370
10942
16797
28146
77399
156889
22270
129272
12789
145593
55881
30292
137296
53785
33437
69206
89398
54872
175075
3688
22649
101010
63714
141561
110391
130835
32122
137951
47083
75214
96250
36666
102950
48763
186888
156730
181755
16632
153965
150948
130377
71613
93335
119653
35834
104836
116833
14489
62387
153086
116988
79121
25816
133494
163534
36664
85093
156836
3374
147645
9420
170348
37964
132733
126537
143758
62643
34825
180532
20913
4822
20517
135384
175289
47789
115869
62792
104572
71112
165669
187100
142871
166595
20502
156976
51594
20481
24493
16543
179446
65200
27323
82660
29397
37081
13781
169639
132958
177624
180082
165174
61544
156783
159580
19852
129567
119425
43963
73724
138453
111052
100664
55606
6233
109475
121281
135141
38507
70471
159177
8735
137781
85258
27900
77745
77280
48605
71046
63209
62456
23521
123123
163116
129869
22937
22349
44808
8551
16037
76575
157188
40458
32083
94569
109373
164291
122615
79366
166825
78214
118597
11840
91158
121578
106681
27262
14762
160731
52453
80527
160728
20467
99722
165735
107586
182306
21868
176990
98799
178010
143832
82846
46615
96189
48452
152690
187466
125919
71960
154577
38355
60509
37311
89728
114220
53077
149014
122932
34319
54461
43438
28389
47653
64327
114777
11980
73953
71382
20073
69584
142722
127435
173705
179878
157517
169464
95105
124150
85139
74882
30051
52976
67802
141790
48666
73624
173026
50993
177726
78155
104216
12242
24397
166431
133855
34221
158299
161266
36228
89908
32697
102171
3656
72884
143035
94066
74783
145377
99400
97943
47217
35648
152421
29929
142840
157961
157191
16349
106672
75829
113839
52684
69496
94162
156056
33940
72032
93699
125088
7831
73075
6351
12040
23083
183978
24696
118291
75221
9117
20226
39838
136766
136712
52716
58073
64523
158133
111980
39952
24422
143332
119433
97848
132490
69184
163328
47485
74128
166256
40514
108984
15728
9482
139643
48263
114621
36056
144305
6970
127316
50126
164634
7855
53182
167781
74207
13569
12517
123648
28406
88215
37508
20325
171256
36479
106371
42790
77758
33307
63886
28342
67901
67716
123098
170263
119293
59317
175781
133339
185749
96608
29038
161316
136641
79372
172545
188358
187904
88674
79957
75743
181539
60633
131478
98017
32364
80359
136790
104229
148747
178429
165415
128592
117886
95413
158790
28737
66288
45114
119331
125154
33520
151273
70823
5219
173698
179377
95883
45126
26104
90423
80901
142328
107810
53672
168592
98733
6053
42321
18695
179839
47557
31452
158046
76542
54485
166157
94773
140768
103545
63978
33467
23808
10097
182419
172507
122926
138116
20723
84736
118822
187311
128352
702
141182
57440
32541
75804
182718
142431
53330
147717
185035
158204
56914
103299
119178
27450
82380
18937
49871
26553
8388
13172
33154
58469
181361
74334
156323
116943
25157
14730
104027
41025
55999
128231
84399
130747
42100
4632
68593
42860
145925
12170
356
79454
27650
62183
79582
84032
118338
12976
52146
178949
100939
117321
86252
138717
148142
34319
54517
151278
105987
35061
69670
140126
97405
131743
10451
25040
138948
44107
174976
75844
11950
100792
79834
17358
185401
183642
64762
107172
103967
32617
166994
175357
62683
35347
86807
24441
15297
58792
106613
162033
114397
118748
22417
26512
84987
126126
94106
153481
130904
3441
167776
5901
185820
72946
172586
112403
26317
81730
25181
750
180821
12179
44732
184151
84415
21735
90583
159951
130802
22472
178885
177941
23002
89247
116603
57026
35097
137975
175317
161564
176792
19675
110652
107418
44194
123228
114462
149595
42917
19109
181880
145031
146845
130023
51909
2575
145543
143123
165064
30019
73868
153921
80348
71434
105200
141452
137401
134320
63216
149072
57613
133888
94754
79554
117352
29721
152918
44107
158364
187769
249
56119
35902
85262
31692
18485
85525
34057
69162
138499
31779
101441
61263
25438
158794
92841
76573
107101
154953
13582
103096
24741
90403
19232
23819
133618
74953
61895
7038
5724
56228
27384
122790
87527
14312
50548
53593
54786
175630
41783
4825
178467
145428
22659
47277
87929
9767
165913
19107
61442
47946
118457
37639
106299
174688
40857
183235
78542
66840
173405
47305
93232
160839
15781
13948
44246
47707
83390
76374
74140
91639
160332
86743
26918
127665
25888
86626
140274
140126
100506
155448
129776
21283
35989
88694
182097
174138
138180
117836
85486
58898
84899
175445
152765
19952
168669
472
43771
60964
148044
66653
187471
146626
186622
24512
86861
103566
76120
97192
159171
120494
40624
157866
142329
63641
