240417
155676
9089
83453
689842
453231
371628
816969
413170
211734
295762
496887
700078
45706
176627
644974
159581
524484
666381
256270
303654
450459
649910
652392
704827
236424
839511
744828
682135
741868
760128
831599
210116
334907
825993
875079
681740
362032
313954
623818
413874
72366
830086
372682
855628
310598
165132
3615
354196
718946
424304
200522
798644
318529
819472
570885
797777
141492
752940
332009
206164
464862
204810
865681
440045
324003
882081
333352
299143
217985
179194
42699
159843
831903
647593
721549
750703
305148
452719
729401
665772
276560
107074
517829
252620
282084
836759
493236
388066
235908
699487
122249
689168
832782
338082
521245
443972
647873
171810
209640
699287
285897
576318
705598
385630
115340
77409
269940
262766
752801
300016
685838
297990
120383
611212
526850
596328
786566
476579
149917
133877
323073
155607
203841
52949
42799
65223
524991
441561
351043
551857
272938
243571
191751
66784
573312
214503
872524
236241
95584
403951
811095
336325
634146
75491
338975
213261
96666
377429
606542
101923
391672
705021
182780
264152
31364
175155
236756
378928
754174
493891
804978
238070
53798
408908
125162
336562
270100
514764
677556
691607
560151
514588
96934
249517
829900
85162
538985
659618
877752
288334
531641
417300
597259
845990
67443
745962
814423
479965
139630
29919
566696
851782
396420
448482
172013
861324
642396
790771
234523
465080
653272
179807
641144
71689
281927
226354
364019
651959
561306
541708
469473
216230
51520
18014
328432
301426
777610
419019
346273
22950
632154
557466
270803
643379
637056
347827
103003
653143
60257
33917
469030
397056
89193
580635
41061
768581
172903
383953
3538
825218
817694
283185
671388
296515
866974
461417
381990
153207
781864
298186
859168
430262
869314
762632
501143
466305
282812
827829
671890
590480
467897
587058
569
741987
633316
213270
685441
437558
868893
721314
721745
60641
656013
478668
485677
872448
51979
113733
63948
464240
731908
272046
237787
300082
550880
611158
875158
817925
443288
8938
521724
443045
236788
848646
219762
124631
653865
804322
431128
679537
266982
174155
478900
732625
401691
447749
159807
96211
359568
363356
138780
441451
255965
844679
696161
608841
364916
733265
282634
798465
625888
385327
791294
262227
220401
329951
755985
243832
185397
175561
579109
856379
369172
543546
339007
590969
498668
446368
680428
257878
751986
634324
550510
618743
314652
107513
531772
552931
609492
629733
864802
213689
222791
16169
188121
534478
754273
641766
302481
18443
321628
556021
825837
773422
711519
858659
192079
50376
436795
132157
29879
802946
858383
756962
535734
226094
571420
319905
70830
462084
593430
550591
783169
201257
32688
670828
456384
178282
512328
344296
138407
504821
689781
520370
285748
367960
491181
690960
23523
882261
372630
43777
775473
793207
245624
5094
803740
827902
261384
317769
253587
131784
309799
329752
353556
583144
859520
681132
914
249365
77604
889384
383018
346090
695292
380745
255826
87314
772709
829025
825673
249268
555437
314025
338998
584079
394562
483577
2383
376639
262477
379337
151603
163955
564397
391577
119326
230570
284575
82975
251003
781640
756988
315829
20370
595371
837319
774619
261957
366325
854986
442047
276869
570286
237240
668373
330739
523325
762142
470428
563853
398589
216353
879699
227405
748852
811487
319305
429522
732271
326127
554656
539936
879200
553593
301160
630670
75626
56265
839133
547396
474984
730420
556519
346678
799241
385723
660704
777210
255403
89497
652484
772220
494481
464479
591444
529895
873329
307721
851257
369287
171951
692937
751376
410507
26407
659145
23339
388277
109589
402372
437851
740326
459357
132452
738525
448530
583089
143216
718910
657346
571201
798689
119602
596344
385010
156029
332572
457682
390596
611893
391392
233945
54276
185221
491124
272604
238349
851140
107002
98283
480568
297629
825791
157832
37790
207151
568277
290095
127448
384702
463288
52474
780929
43444
152275
93698
12067
350901
791109
765757
407652
200010
89059
36542
67527
858059
269448
604416
148067
474711
16332
368474
794916
358247
242608
616860
474257
401641
128247
551468
46574
202862
848097
51970
704159
881690
729622
821940
230686
798856
792476
250518
615471
8026
823969
613581
804088
269112
93503
198754
57670
851308
611445
38651
206184
707561
523585
577669
392113
173709
364355
258860
817773
795508
165637
391291
552169
471135
803514
188092
533729
547038
501672
39486
223407
679823
726735
26411
869823
172320
89125
581780
776924
259308
825080
29880
70726
313517
726059
77798
464086
154954
52783
418674
181419
356059
677080
145202
573769
664204
403616
486522
818645
314656
192595
802100
378639
116955
831659
687628
813822
499818
622866
71853
587338
239360
565260
589609
402497
78420
30988
338808
498167
302550
254707
59755
344939
461007
224565
752418
758135
812472
63035
512524
773380
801351
470983
57616
353319
743729
437746
27097
332776
184295
94236
814703
595894
669206
19767
187622
186584
611879
275866
394228
488507
212511
82712
880385
229860
634691
879585
828360
850722
887531
358935
412989
864491
263047
46067
6786
357966
82882
849325
695410
119410
716827
191712
138233
421794
171707
744302
420562
93304
552657
566770
13113
400780
849084
753946
409045
840404
153195
535595
536861
790179
341496
229329
277537
278680
866735
199190
850092
711593
171358
343502
363160
125088
137286
101849
386180
37490
680188
807886
256005
117181
616774
355034
427870
850362
597638
764903
572201
872913
438351
586709
307428
732928
792599
436164
349801
377050
446078
407360
621787
576434
703215
719033
403208
826198
257122
393350
751467
587676
545687
864263
888361
780313
322574
42824
238573
170316
836185
810857
449687
553006
98839
482601
171159
183621
451933
769635
425503
849756
740864
549204
52402
730108
836391
427338
192497
31569
181947
600643
395495
446504
115
638270
126792
293531
266894
751890
186407
185915
189796
319389
890444
820606
618124
483982
733367
45529
20906
687960
665855
884335
305640
416348
789378
839424
739137
561785
818830
145654
219818
827291
274032
574072
297012
256662
804252
867745
815692
119659
791808
175926
135270
364494
531049
829597
390787
173360
662085
384837
81256
854010
41834
858406
885268
522917
423189
110998
476996
114352
521881
762824
500717
457195
194479
590949
256623
634279
516995
806564
524494
222998
424737
244604
781806
83044
234487
862793
616017
120275
890643
304880
115736
3340
693655
496793
151691
665353
781130
638498
153432
482279
73014
240817
708298
109921
372353
841223
607719
19853
712499
293365
761211
164836
743376
355333
858162
152837
353686
167069
524575
759703
505196
434440
337769
838931
596129
676660
792860
596162
321661
805984
483848
824579
215864
515526
491584
22328
810873
831180
467704
184403
351185
466848
699329
33518
547170
320091
47398
620318
858777
732109
313195
84681
46544
610246
878193
99531
340273
117571
841291
196965
819431
649661
607837
560578
737638
541178
362439
428575
705662
724213
57405
259092
352009
135902
846576
191608
588556
527505
871358
709527
289003
273290
103076
410677
366216
109706
65298
99167
739280
807846
149082
280610
796818
297455
139334
387508
645645
