517084
294727
409683
342511
499675
401444
216145
391998
343433
506775
385188
342245
230854
475439
300361
281654
268052
74473
422572
296733
277323
275836
94327
234831
291912
266930
505873
384844
70463
142132
64141
480296
204456
514949
196336
109972
53280
486959
373085
459632
467272
349508
267721
417508
186255
14427
447915
257891
131837
242971
26911
479624
240535
494759
54065
305230
92965
115953
56840
511167
257962
475747
19067
268972
6666
490081
444794
379511
150773
43007
369622
317374
453756
104221
269816
2459
374250
326938
472782
415398
120921
308742
393023
192113
267887
387829
327749
134025
17687
164210
270234
494676
4741
322841
368705
372205
232879
397037
115717
152312
177098
334423
518651
145170
249606
188424
412198
358688
292735
485770
260831
33168
143297
494240
191149
344434
94902
157711
234871
478786
239210
459556
59189
401581
320914
360518
438960
250049
161339
457942
285842
89145
334274
368821
292081
82046
215457
457338
333758
147186
304667
71085
270229
127072
157776
163573
344369
372178
520118
452908
73313
154890
448167
9700
400584
159789
410738
236534
346132
99060
450444
60143
240184
255410
185133
464118
94559
188830
460960
265883
169441
355053
22337
90244
350702
516111
112301
240090
150219
63713
24421
384283
364013
77282
443649
374541
457253
298715
71882
48923
167217
405580
263008
315811
35107
508618
165138
137296
160888
363003
48254
352055
470464
22814
66427
105203
255907
422859
129508
25458
224890
222538
102329
333057
336265
449813
501356
76332
228913
23071
396388
468718
457370
99715
396140
152721
323529
311424
396537
318820
13154
264665
147689
302176
358751
82271
396033
89279
127856
376475
355668
483861
144610
351337
215666
215966
149969
188667
86758
514019
259359
410121
400120
123600
335522
497301
332054
447946
249805
101471
203597
220795
335100
342316
24787
283839
249452
150125
49762
236632
119853
174717
71634
485425
284543
81281
62447
291621
253458
514336
28068
246499
50176
437661
515156
158973
399858
251456
974
324027
16097
327565
47219
40928
236020
66464
37832
131971
500724
418774
64648
514227
375184
185736
284702
20858
455192
182932
297808
345769
229189
405035
377537
424358
119780
507298
192745
163316
75020
230474
102899
176482
70586
341415
195918
48385
357982
306286
375201
452103
397647
15868
367707
77320
478799
459380
23170
219219
45448
152555
2
497804
269504
392270
195200
30090
476438
303065
24145
155596
434688
175927
515720
68117
261039
445622
272549
512217
8015
242104
488342
90944
12138
62463
314141
18453
64180
338119
139161
342028
354160
56851
171406
331864
129516
187716
69010
133209
308666
491583
381628
461640
482404
164976
352230
332372
1118
324251
386750
277434
371713
115033
374277
173831
384943
302355
192133
63484
292865
402900
499463
453588
13867
4342
295897
343822
443321
149633
482223
48339
291620
135442
99387
432114
185833
28397
2358
315853
373463
511149
154463
325173
377609
410144
16986
54940
129559
40152
456235
26247
269013
509433
388494
409064
130204
37627
453443
346761
319058
158339
475795
484069
371544
308693
505684
382843
284578
213513
240033
304838
105607
378627
492951
275705
225730
230494
272221
468408
381729
343260
233579
381308
373430
228486
119499
262786
428105
418078
395509
238889
352568
273966
218707
497045
337619
481035
350653
93533
224882
213918
476088
167681
93795
77744
515115
326893
514658
192404
97949
198898
313072
487909
84209
48703
159340
306699
292015
461917
99482
482969
158281
150638
183211
448942
488067
132146
42541
268691
66635
75900
276279
283793
291568
154412
206353
255234
262389
37144
448781
201326
93394
474288
445140
157879
217895
389487
117970
118113
416331
131287
349428
207603
442381
89811
199849
415086
300731
505335
481460
96877
14544
505337
79321
355799
367231
442291
413299
492039
149005
396164
78581
113275
249990
265364
74840
333179
388643
297163
421369
425860
38879
411651
249228
426223
251064
454919
26865
171347
179809
7609
258334
506261
419704
383751
452816
439251
353887
126682
303759
261892
517645
178489
321608
502946
87551
189949
38729
362269
392785
334066
421667
104494
511454
376717
62738
185338
97694
74776
8799
42700
288261
478280
191461
292206
177430
245025
147419
124550
452078
139676
485625
414281
320259
214717
124105
15126
262053
384130
380026
316383
107974
273257
95191
485072
109861
309900
193649
213557
24709
121189
191949
282439
315486
438833
384366
133096
20752
270185
351495
371579
391883
9503
262757
201482
357863
390762
479452
432911
100706
375737
187564
181456
63913
110871
420518
199234
81251
517657
209067
56389
440430
361730
103509
50511
439158
294670
469794
97860
150688
129494
61013
455537
25296
249699
491137
24685
214787
246566
503817
291533
203008
252331
51122
292163
303287
322170
386791
66351
360161
16773
292470
189988
88604
98128
41809
188797
199100
326231
366664
320251
148424
361915
191450
90997
323126
189259
312074
150577
475081
321109
103335
3192
328670
176696
337630
501244
49064
177115
465242
468773
302598
393167
465589
513605
518629
34455
512745
143026
176751
244426
132657
321973
199461
126951
502601
242036
389077
440385
274457
358998
295050
131829
347329
358678
208432
125193
430896
213010
225541
513683
270470
129827
184409
68775
459913
355838
382392
298899
195486
390263
354411
26366
229065
457189
389542
40814
92273
407368
83094
158891
406194
108480
327129
405321
122621
422034
251827
506792
479108
106483
267904
219335
88802
38592
347993
384838
198106
426837
205598
250793
19829
261202
62640
70748
143950
58851
316544
321912
294804
162882
301209
18474
210632
37143
152787
36772
399787
77526
289564
115200
19120
85747
484651
247195
169200
191599
120507
164233
237572
225557
5938
160828
122012
33169
41097
230520
197101
471143
224254
518602
334163
394640
208660
338323
14812
309412
321744
80827
42964
341317
194099
214347
107052
386158
273168
403184
97238
69921
304700
170727
508379
200594
446054
127622
520069
30235
402318
48653
130646
196687
186169
38349
427538
311893
54109
375602
279425
33275
359470
405513
192049
464668
39424
332699
146826
425384
452316
409788
147625
348284
257609
102163
310085
194750
135431
251126
224130
358568
361418
133224
497440
477246
201382
114437
12297
53573
299554
409775
461792
100583
108070
33304
303691
362178
342058
363535
64910
358153
34199
238462
267199
19029
2381
52137
297649
236725
491775
410436
227407
459692
85580
225748
343730
314042
337982
339735
178881
304730
275486
487830
30009
374274
390246
41515
222482
315509
259401
146877
82886
430145
440292
280912
393886
230345
373190
26105
134028
15401
35966
161908
358005
117651
507757
191907
335889
397654
508609
115071
372518
317733
200179
128462
452808
459635
28562
345987
318181
14181
279978
103323
50227
418167
107064
151343
184187
80591
335016
270251
401623
254649
435524
127991
437595
480233
362642
131129
97944
382771
49249
459557
362027
454194
164422
101068
62962
236873
179271
216975
384812
175676
273032
172590
136661
268146
375201
176819
344980
110720
127789
126956
390727
99052
507859
128055
250160
515520
127089
160438
248740
249882
364420
444223
121633
183160
249642
105840
327309
166682
106212
29069
141406
408517
334432
8671
212071
252864
397515
461107
504089
463239
287300
40169
200606
124182
368470
45967
153260
208528
325801
232602
361532
185693
9912
485471
263367
286234
463804
120183
438600
386987
111192
407011
500004
511200
218490
179406
346162
212716
26980
8173
320280
77002
280489
455274
483839
230492
139949
239099
174552
321769
105546
22824
243385
58115
37269
6737
485791
417524
489921
360476
109711
437281
203930
169870
297696
62039
43360
414889
411185
147404
117934
433750
376062
396147
344802
513831
201739
385583
17038
426855
18094
226783
307164
133565
167381
420250
132449
113632
11472
219772
496916
505681
1410
447715
451536
488448
307041
435328
187838
501882
470596
89406
171920
209118
418574
311597
494645
458367
3014
20658
284319
245304
210245
222904
255138
219835
305053
386310
13464
131315
170899
454630
425690
205718
475578
30553
125647
225521
483192
443646
104595
43204
424551
489342
82268
367081
111990
505632
325696
275341
347102
147653
147802
194370
131699
210529
323096
159493
508765
189614
296365
235656
164102
167551
331833
366271
288610
207287
346454
436637
74223
517005
394815
166964
397704
122860
449636
319182
112674
167687
213584
140743
192243
417751
162158
99761
97438
485514
103466
338255
460984
319669
356745
236581
202724
109620
289362
517302
267918
376185
490890
165497
52623
356539
73464
252295
348840
395312
315908
366410
492455
397347
507753
328738
68007
135243
260138
10230
183432
280533
367144
124559
62271
273133
66590
506683
131784
128694
67532
23916
258354
265167
66425
443536
384024
97849
461690
304162
426037
433508
370445
349553
249561
25583
202965
492756
212165
219778
368348
425142
260871
510187
513847
443519
429655
22703
13096
224710
397433
377900
181823
470107
192811
108308
309874
472277
344397
354619
3226
162067
286985
387525
335659
40025
80415
171937
356503
61642
298438
44464
517309
367620
448098
352220
397900
291537
472168
264515
3571
156944
367506
516817
188176
140848
14811
186881
453708
331771
212200
77034
246330
230977
179458
292866
171077
111487
169756
124717
207192
514685
413169
297475
311449
392400
358267
313089
456387
197431
78260
431633
160339
476307
290063
67278
348945
133532
420778
453931
366137
484033
470118
30297
232049
453846
404281
368277
316598
382631
43376
162311
257471
340142
135658
353821
178322
99366
489862
306223
352760
65382
60955
349867
159111
24020
390224
348128
319300
82667
70035
325056
422571
163771
384873
256972
192038
489646
240901
467117
441739
176770
441113
71595
390165
165452
421429
92183
182283
166517
197527
359186
118271
197658
58725
519821
412292
258635
399728
133308
232461
499120
198563
222160
203554
518285
59920
269997
461976
287699
499210
330179
273745
468313
64548
82365
491885
133429
390447
361219
369234
63304
415773
231942
378748
410678
323361
62825
427201
332547
470926
118697
480312
472774
388465
384194
203232
36044
319689
333165
474236
422944
37466
269260
184775
47071
139029
111756
451620
211935
433547
505532
126737
150287
436358
254182
151604
79000
18775
502562
429699
483722
2400
305452
203518
423359
375151
256880
19123
61822
27403
141872
137349
36402
359074
461827
389383
518948
332406
5906
255051
119478
163112
238015
363778
104751
211431
34611
445703
456925
114821
225671
274415
488086
278001
478401
460902
18018
332889
419720
184430
479051
440108
42694
445403
417947
347199
329558
470640
211560
505975
57712
189106
137620
97900
329288
315154
54465
355042
300880
3629
469189
190710
207164
153408
392610
334316
205269
141552
477219
149600
352093
281064
131972
339541
468484
20284
150522
421198
23446
277981
352828
359937
346616
63579
402953
379981
317552
109154
336146
317576
203626
489699
286725
402376
476787
98121
383789
237952
288620
161021
41226
371282
90145
513557
403083
313285
259730
63884
65869
148778
449360
468091
471175
220628
252243
336498
14566
280548
122613
167651
68038
369556
515824
414867
97106
52915
312362
360301
6179
283788
333825
462718
262404
102767
137127
2249
68932
221824
503482
139728
81506
150271
234645
515917
486137
378041
497186
279836
85051
385505
30658
216876
444799
261680
450373
265297
330377
217219
118342
53865
180786
470721
264247
315758
226938
486878
11980
450651
150242
42520
380237
68327
202105
337433
273760
421599
225230
37848
327001
437715
402607
1304
504247
250569
262657
324690
372799
480539
461712
113875
408091
208953
248222
128838
63027
388135
489698
491968
107309
367770
389033
352336
461928
402465
43023
404627
231147
127437
64023
225221
293462
15052
330272
487126
350990
462982
60418
1218
495630
514988
376378
125236
266086
6579
238907
275781
274279
7828
202769
187925
486181
504545
244279
15965
460300
179981
403569
98742
307832
478315
273681
267091
517729
456580
8364
136130
504985
449957
381038
264135
252272
420266
518122
205595
272753
331577
141218
407512
141422
261933
441613
436455
393949
164381
158985
440790
3326
98300
350421
278893
87833
278313
138874
148900
213032
124882
473911
195
9528
202279
260601
32050
61096
159954
441997
20947
159039
2870
178986
407227
241032
337119
234126
399228
322854
302035
173835
163878
31857
88638
163214
422021
137613
459684
516667
231389
404137
265058
229924
424364
298509
157560
251066
165185
21791
497402
501058
38915
346135
219283
386627
320785
475469
5650
15844
187054
309645
445512
505377
150618
238968
469177
514929
72690
199003
96184
137974
188378
456006
101545
75779
483730
50197
176770
340317
280820
306143
375801
420203
498919
62519
337831
423419
295324
306825
391202
54497
317505
160823
423193
23271
211001
231686
293973
120183
394551
373373
57895
442184
402112
359123
375512
74407
77708
204685
106619
10563
298647
67660
448989
30136
257539
428478
150013
42497
193489
159713
244929
336875
182051
301132
211767
440741
382338
318438
174843
353006
438541
227398
276781
361184
147212
153720
246418
126639
28972
7212
119315
74806
365177
178456
461059
153968
145768
466368
203572
50604
94782
284530
21684
321516
114580
131627
441568
30625
9908
426427
347727
10972
460091
297932
267134
215199
261761
475273
195433
47035
505970
159194
101397
45002
62610
479128
334277
91852
179603
495005
500868
235102
200940
54472
40279
283493
140393
6307
344450
421594
62842
496869
391428
228558
265223
17241
91406
206015
204269
244732
253013
374497
241097
98960
124151
376768
512826
30272
56086
478864
485625
290437
466942
200123
395188
131175
519142
327263
310482
446021
423552
122221
269305
430856
432639
293484
354294
72933
232967
94586
32556
226695
437274
334236
385906
398460
92468
28125
153178
218440
87058
254388
406089
126913
480251
384565
290569
440404
309722
168778
155372
19525
478825
209799
24747
145510
258128
348230
314825
295112
497375
363498
437854
285604
213532
301500
308246
198762
116829
44811
387975
117772
30532
27083
427270
61657
236509
265044
356870
243473
504970
234925
43120
180894
422666
47178
113427
282346
269517
413841
104758
210009
136035
97222
213972
24598
117490
122343
239296
151555
3721
199965
366511
431775
373472
452103
490541
460827
6198
253727
395915
429012
