805855
619266
486010
626460
322951
421847
96774
847666
90645
798156
788869
510572
4337
294589
711439
121798
685775
809754
190428
705054
294976
67220
688397
682770
232626
214998
472040
606207
693746
325288
620341
793141
795626
774262
588432
545021
415382
630085
825603
796594
756531
321152
340559
69966
721706
393390
116715
667357
734119
799102
519814
108246
119748
839894
184451
457175
172783
838857
599882
96441
280794
546589
465640
215372
688964
862221
339142
368353
851393
295068
23206
271740
721225
564598
290830
86886
687967
160018
631457
256047
771634
723828
544103
576681
824996
227802
795941
781650
794207
733982
335622
322212
698358
86860
746591
75730
202145
244048
282925
581547
375332
761206
843395
746418
793935
488366
404506
215902
145563
339021
403150
100810
301548
129612
153246
137284
693863
306215
432686
789277
686412
166594
560466
598623
850404
654600
68297
871828
332268
366864
571225
408205
694655
810123
220642
834311
157904
551564
16134
723267
326714
788407
612357
4835
359972
530424
807023
567674
299454
169270
793365
70138
878366
620041
447669
608614
279426
154663
540668
680730
627589
129545
40353
615555
117856
562890
465093
425074
149249
213349
689464
735199
566051
325552
823401
99325
797275
779803
55289
874567
520458
153956
686707
829317
228526
117088
821716
24512
572110
527932
507107
323418
328796
527898
749061
456428
760519
248905
137098
236077
136414
171426
650610
415590
179988
598892
526270
299962
116658
212287
93496
474662
653260
642614
389341
613904
776106
801699
105538
768804
798134
84481
176701
339080
516143
469448
467701
236897
779428
327523
492633
757760
22957
273820
721822
310842
141251
385716
676925
544427
518966
818969
247315
97515
711511
348518
38830
733916
32586
393830
784043
660925
831527
58940
627694
318515
66787
725370
535313
725973
394032
821749
535575
408522
99669
125366
394216
482947
227316
648716
872460
358049
18677
197281
636478
814863
412346
57431
105479
715183
759012
128924
598362
488943
102890
96913
527754
154628
259311
855683
793706
320941
844572
253432
465372
518593
346794
823598
541402
804602
419447
394575
336342
320080
290460
363806
223733
93278
121739
322822
588388
417304
829971
307195
774186
183012
687927
479775
335069
682474
137753
760738
394071
325409
373624
149173
220418
414693
796500
412014
318864
250969
136361
164581
611882
39020
314334
330949
875719
828977
535115
202582
754525
830149
172854
74371
734054
397200
147405
872667
647999
17397
548903
479247
826997
798993
425390
4726
154784
715592
383726
792609
161377
648995
308440
604261
210254
484970
494640
278451
430800
43817
310246
350301
441802
331178
744553
54716
66310
552105
6524
619999
6858
3381
816830
73705
418634
457381
117413
806648
848682
176869
609387
563843
711982
63026
68837
203329
137168
381990
869483
874158
80660
622353
843318
9722
454090
381971
125521
525711
692330
68232
498377
5276
584294
17142
834686
665594
85699
223696
797438
705947
124097
736741
51276
155207
147470
365181
861804
582270
763412
315309
490126
577901
67450
297854
717764
141309
67839
127221
395666
651234
204036
674384
397477
206610
373559
745643
152139
243618
476394
740114
829822
148702
620751
246678
119268
713610
739976
7839
130247
176283
408026
623239
754100
462952
422020
785218
331024
18089
487542
461911
693111
354107
834485
864716
557225
401631
777937
735690
99003
777360
356057
140887
343677
690695
15352
137221
465673
676366
552839
696156
116963
734448
318003
132749
157573
806759
824684
721296
63020
173445
786321
856647
583564
478060
12229
632436
203893
689799
58892
774989
503142
300934
290856
710776
80126
560490
473088
331550
712583
495262
297965
747990
553155
220528
432952
714945
453776
464184
62329
208986
773898
73671
485150
351715
378164
17061
370857
467893
640033
498602
332194
875483
705803
680684
757591
710079
240553
567454
661170
701549
281635
733029
262108
767536
192265
82465
172775
416235
726106
639083
388907
116270
547007
736160
180075
47302
142865
870443
767468
362115
266235
256187
651129
182626
822026
466944
421561
625333
526288
610157
79071
464731
83028
391068
458723
592762
260889
44904
438647
79896
663902
275477
85473
707563
326499
298764
621752
339425
402696
313085
113040
366708
409624
678585
641680
609573
356516
810999
438655
411810
290093
632420
457178
744511
351418
111904
837712
492978
331597
523499
328311
390271
757163
123817
519914
646009
687329
213184
40478
553091
469751
568189
876400
220672
703684
206295
52938
415509
387915
320491
63108
495944
52812
313796
812989
20165
756280
437585
756722
115031
79641
644324
849264
358980
496798
338901
578739
2920
813218
23169
369261
112730
387231
515311
462735
575501
227007
296152
740473
851026
269845
741796
620993
27381
551813
656890
625036
830574
483407
494114
224677
106078
463991
370
797195
850537
75333
822349
698356
817778
309105
208050
430499
148854
74720
550176
13789
27651
711449
317087
711219
73176
143084
605327
722864
41490
452238
817891
803459
431379
642543
695946
210037
857057
156617
280655
652327
503315
859948
278632
666237
167950
831596
285308
700504
510855
282521
19321
62463
671873
46559
90123
163473
93201
465574
721662
443733
232125
263026
147956
32584
571749
32823
856034
598402
573494
673226
66686
385573
854044
539900
247851
422919
41903
79146
340581
344827
213667
116944
535270
729941
355721
155078
377728
138143
337085
138201
341875
136396
751087
325010
100461
734283
815781
321664
804011
67837
800650
475032
49982
773821
677510
404134
250448
574193
692461
305411
298458
727797
128319
622816
466227
445258
655128
203921
84380
82508
674414
439273
27970
314616
716837
577795
216314
219121
690090
404216
751055
293711
837477
162595
153693
158
232104
684624
492948
282575
344958
273532
56685
19392
107390
10471
147108
475162
715635
356458
470024
783729
492042
206644
28617
875315
260100
199254
612310
614616
410389
284858
852958
825190
447887
679783
481751
539887
823497
593443
390058
228982
374613
851132
297948
569288
611387
745317
502032
307142
555635
216643
203652
527933
281555
23383
223549
363422
541944
508926
762406
655993
168816
672964
730742
384355
274130
151877
657061
416402
277141
232115
588839
83728
98623
63295
564220
104896
218374
301734
165626
271019
450037
264494
378805
508983
652939
75401
332385
613438
762585
429270
78365
818940
780355
592053
532907
198281
610
673129
783589
147395
586466
344970
783230
760723
69523
818961
835301
638940
223297
59924
301882
301806
411986
806781
235981
756021
619741
26754
344253
329156
505950
380634
679264
793681
760189
787435
593214
111614
355927
654393
33189
825281
483679
246647
726938
10574
361765
649296
667575
441964
673045
806225
491414
310659
630103
337746
276156
301920
216398
626909
709774
62600
5209
188941
862732
367567
601570
293085
749180
653291
652681
161837
315620
543138
69703
153877
755072
671068
10200
32104
478226
164501
398460
522434
804167
232019
29649
848215
669583
159532
500289
583910
132728
79872
11930
314982
842769
777085
537783
595504
723531
263108
758078
317845
225756
213253
281081
714719
60007
8113
294185
611747
364780
189242
406639
144598
725594
840772
815062
179829
845714
798012
783305
