100096
88223
153460
97862
95248
41725
97770
131849
97058
128836
19306
159977
47540
23979
21708
124552
36402
39743
66484
53636
17441
37185
45350
19020
143116
15548
30049
30100
23800
49489
159093
67460
17897
156934
175012
120688
117295
50490
51241
86645
54031
104039
24386
55842
6284
125007
17947
5749
171914
91318
61004
106850
2346
17182
101041
142486
83401
152686
2698
125080
128054
120205
21958
136272
132574
148610
137077
45328
47037
42295
70996
8384
101480
150277
171088
105050
97758
1505
173790
51394
21396
69296
120174
161
1681
109111
98297
109544
140019
92256
64652
152942
71293
158802
167336
168580
117685
121628
109030
126274
90257
63602
8587
139512
39815
20012
155836
161865
62986
28163
125216
73067
131880
48981
118689
62493
105105
113835
11486
144377
6043
47951
111939
148115
147579
18479
29444
72151
13037
94902
163910
29421
73920
166651
157409
114389
155576
117877
142598
43014
91268
110179
48525
90783
112361
98159
46519
140740
62405
112904
79959
156201
144754
144411
129588
57342
112869
166769
35743
6949
175714
23569
130375
128694
9294
132612
128293
69136
133908
71882
89254
68989
67336
65599
72951
169600
162156
167179
110227
166783
20220
166186
99032
23833
40103
64963
158763
64816
138589
33501
103707
168193
13482
50345
57937
2383
4197
83575
169166
143471
2814
135422
56929
145626
46666
109890
47527
77622
38316
406
85579
151566
111339
123781
52282
54821
69751
114784
71677
126611
97516
90135
168596
14187
170687
86635
166572
148199
42791
87811
128418
23928
1719
86386
98933
152368
122758
82438
31462
98364
108429
3700
71359
23816
53648
57010
58674
7912
155624
86876
88224
144170
42676
117186
90938
96106
130913
184
526
100726
119800
51676
94187
78739
101868
87473
95816
128749
174098
127487
43002
57652
148523
109317
109912
44503
93529
17633
164389
97377
18433
58714
79208
54957
97123
156862
44355
38510
90088
165743
172977
4510
158772
99458
16719
85924
10578
47840
67930
1791
53830
135525
45797
94376
121305
38239
93153
90642
11736
86328
79650
37019
77714
19816
125640
2248
20187
88527
7030
801
105607
48870
57773
35377
130533
53376
129131
100697
150014
71793
61853
8562
156001
56984
70796
161969
119840
150284
123965
136755
135495
60994
96428
161234
60301
66486
51939
29567
107432
19687
167674
153070
91103
158007
5714
67771
156837
54022
158991
90460
174528
125411
173169
139312
98769
170925
29673
22463
18417
125128
70854
110308
145950
8391
9529
125555
143251
34253
143689
59077
74821
29428
15297
136708
16177
168759
163647
65670
76977
22162
37146
27202
5791
5034
60216
56232
15422
123731
46793
154857
104659
140575
158154
25954
14357
155054
3860
107824
153994
972
123007
167787
73673
58197
6108
38907
161526
158516
49108
138281
86231
165846
7389
142050
49357
94120
58978
157933
145577
40990
140860
74508
66445
123567
101711
30169
2643
152752
170160
22782
102942
121584
158365
131410
96759
67447
106260
16
105603
10314
22684
146784
73212
24224
110504
24387
12620
81319
140829
155377
12534
123756
157600
102334
11147
109210
66425
141497
49888
150277
160307
56646
133844
169426
1477
119248
169434
152467
35378
100180
170538
143173
156734
64145
34348
163625
34124
163602
155609
36114
36672
86915
108787
122412
122319
91433
130178
136633
98918
84645
125040
117495
138148
59967
151157
97740
87350
46287
45888
84631
63753
101450
39671
110422
58620
95589
168180
109659
57169
101537
89934
36268
157945
77354
10554
26300
96033
139726
46830
93150
137553
18337
45437
150332
30884
103069
134195
151884
26918
29927
40124
85212
35965
99099
74323
121694
36210
45993
154519
18364
12762
10320
108472
52531
120675
119794
61915
5742
94024
424
1658
175109
728
5069
75633
58499
84807
111765
100599
93089
161644
40367
166850
71056
172394
135208
98152
136425
152372
44203
152104
13617
135735
132929
155231
7496
107271
147575
62970
106407
75801
61405
82947
123388
105608
79620
116744
167050
158614
162530
106389
39678
111823
106349
64813
118119
7845
33663
36615
139407
171704
156953
110212
64115
69188
173699
19885
2172
64995
62817
143553
41947
19958
102253
39297
164705
156224
11377
71936
57413
114509
21234
173831
99695
152206
43660
159457
143650
155098
109450
133496
55283
30317
91431
73694
57530
124848
11624
154085
41487
35210
113579
28915
135294
86803
52021
135903
68147
93272
17685
723
37301
138076
82968
163247
54708
59766
37062
132300
112989
81430
75944
172839
73639
165674
10347
29779
93644
147572
67314
30168
81873
61693
11612
33980
169381
144572
109877
165061
133966
139092
34334
87486
139291
53513
2951
61687
27413
21720
40601
69934
26098
32720
105435
131664
157873
104836
137185
71166
143999
38257
87009
151477
118581
118545
28634
23548
139796
138902
45220
44076
137191
120581
131985
75901
67872
101851
69095
153510
128692
172663
123230
18845
73455
156627
75960
36545
41979
171356
46128
135837
174064
41298
5195
24704
149093
19459
91959
33317
171224
52849
144887
33373
154159
58000
90601
113077
95133
107052
60259
145913
42698
117106
71670
105316
160533
49523
40596
85037
171660
9862
160662
64200
173099
109657
90129
5513
121044
131381
68713
89487
125652
20877
158442
21806
157583
134120
84198
173890
141022
161059
138535
152912
91255
138282
168404
109969
30543
114306
31567
135352
101528
30298
73875
136959
135089
17178
45461
9722
31971
29085
75427
36952
55348
21699
160439
115355
124500
77146
28953
157439
25941
162095
42214
47257
139224
151058
90857
87060
147846
137389
74893
57466
92287
84922
71825
94898
43719
61860
101429
140032
122381
130973
443
15226
3998
40908
56484
37789
79886
50985
105431
124088
58677
109781
32767
42642
80389
39741
5518
28279
139647
12392
96959
18498
24081
140894
105758
82980
28021
14737
102913
48547
72356
11558
168927
119172
28885
78732
21774
131294
42159
5322
60426
7058
154064
15747
48727
4713
26054
166924
71104
103608
109903
89716
50872
1163
4664
82499
15899
147870
127313
62880
75702
93063
161214
100680
151563
86143
6379
87808
39252
107653
165480
125457
55762
464
158705
41716
142370
132505
48630
85783
71940
30779
46339
54002
62441
1741
51664
63432
43426
91373
174588
124780
147956
87213
104995
135774
12084
135253
45947
61209
132468
20163
131135
158538
35699
30055
15283
55686
59226
21264
63005
140212
60016
158353
141260
89507
156369
171028
32329
116332
89461
61762
48865
102377
65284
131094
175753
148018
104483
77311
126188
127663
125901
69868
130690
51013
93136
95947
118096
42575
76671
85217
131690
49971
146643
75989
63024
15067
134229
29235
81489
176035
142910
129104
114605
40839
167878
77921
42426
144682
75116
154348
51803
72408
86368
11243
65299
155449
165131
84313
152258
20230
106592
152014
31475
19788
35135
136067
35285
51568
134417
76972
6526
4758
120091
161138
65660
97734
133860
11203
15694
94577
87645
119775
1236
15621
143226
2667
71293
71391
118939
170356
63573
106048
92935
80291
69305
88241
40589
64190
116082
145173
66008
142539
143140
464
156544
3531
30550
86824
131175
104452
164171
106008
21624
76517
128332
39884
39559
73221
83647
21779
159166
118552
29976
50583
94721
80237
97115
68715
6610
1040
28595
79461
126957
105797
79953
18272
91586
24540
157430
33817
96744
38952
112096
101995
137237
120019
140013
113107
175274
132437
56324
157080
173884
159205
123525
106132
135532
107670
146300
66734
108768
75249
126887
62365
119071
46667
138624
43272
9516
67240
161515
127456
97175
78259
1312
64158
129540
90344
43320
165799
60349
80730
121681
90008
75334
125598
22811
137020
159559
119969
163344
51094
387
16447
160895
157047
87317
100042
139751
108978
121501
70466
127865
276
63300
133731
172318
6221
147777
80418
82161
91039
136287
113855
127727
80193
132835
134695
71333
69484
92518
24880
25657
156276
101713
59189
74489
134350
68730
133121
142988
154090
153867
48839
124312
100463
141043
49124
149500
4457
67769
79218
77392
102594
29566
39002
97130
175404
115466
111123
13002
89031
55044
17967
53691
46281
85365
127571
22558
169903
133232
2415
79381
148927
53505
101552
139117
81782
113939
110933
124342
15721
25182
74378
6318
76924
124292
75935
13653
136679
57355
171760
42576
67194
55459
4724
62060
109281
52333
85803
92277
81110
157759
118347
43013
28440
119635
35755
100231
62246
60666
103250
158210
147267
103040
83627
64885
49641
18308
1736
99646
81772
140917
68536
141947
84261
106881
68251
99563
96577
10079
111240
16624
95180
174281
65646
12960
65496
56022
61929
173124
83478
27024
12361
27727
165897
168684
113035
24979
112345
141799
60153
167825
83207
112902
15843
107327
168328
71641
19647
162101
36099
145744
157417
34649
99680
165948
107560
84074
65933
67689
122152
35938
34931
84138
53305
27303
109082
152563
102238
174234
540
140608
159823
58684
59876
162327
64832
59652
120108
39637
36316
69935
154357
13852
19109
35186
145778
42185
10729
144675
56345
95099
40964
172331
72846
139398
135641
116596
87452
115871
145914
75163
39631
11368
681
54409
793
35046
20810
119856
124657
122801
74576
107818
175126
144584
117189
106252
12121
31096
109920
67695
84871
37284
73679
63921
67383
61237
131132
124827
120991
87461
67728
84365
49816
122643
8265
112756
162540
58048
61999
163314
175133
168457
79885
1849
7005
138362
19317
114319
83189
33563
101892
142889
46468
74565
100969
132559
102859
30830
102478
34907
51920
25898
168307
36837
25873
95614
170920
13740
164351
80308
60240
93196
61755
80950
23138
77007
155644
118799
123117
12026
158851
121520
96128
60627
83331
6797
99999
77504
136644
118823
52871
148181
144332
145818
22043
109929
156316
124932
117663
35871
129235
32361
77324
81434
58213
33086
50273
106572
82941
36398
161999
128242
164536
41062
75939
172333
67977
88918
118577
13370
61732
88790
148663
53852
63266
148637
155130
143995
150716
105361
121740
61534
152951
163146
74519
111424
42115
80882
122634
119565
5763
174132
130041
172138
159462
155492
107663
149814
5236
72258
135745
71408
11957
50746
113126
83642
52545
32800
7237
172984
72984
52771
107411
152421
146300
141968
62475
82873
21311
130223
70156
91464
102602
133542
125248
133094
50338
58712
6975
153729
43275
76072
29768
3518
6350
13142
97143
139903
88688
4083
129107
161157
170558
46277
45652
142993
2084
59540
140721
82877
26086
62770
133839
9476
35938
163342
155184
149082
161355
172900
91992
166588
144232
28467
29743
20323
58784
72663
112757
103663
144355
24897
41903
62307
17313
150009
44243
127530
50536
96441
47551
95140
26440
128633
101622
10128
88543
45901
122888
43571
26591
23760
3998
52047
90132
49958
41755
96284
72449
85125
17303
63454
114010
160894
122996
127304
35256
130697
31150
146294
7070
46955
146407
141682
137043
49190
174882
83206
17926
90478
138546
66704
165085
33531
54007
15396
84378
53517
49402
162590
51308
168357
144022
125045
96908
116131
33692
69994
167335
159410
62693
120912
6085
117435
31627
72746
148717
3153
108637
33073
60464
95375
60470
99263
84396
54282
134302
60148
67568
52893
166154
1276
47975
4414
5904
164212
79326
29551
35916
153892
73236
167123
140043
58226
113248
105928
111814
70723
5534
175591
31725
64368
133614
75132
127453
146725
2014
28099
68579
97814
75106
73846
136587
73535
96631
40751
42303
13759
98547
1226
160895
129072
114912
109370
109002
112600
22709
87538
139897
50915
122332
128125
83394
33651
123732
45698
162747
158289
100048
9065
47838
80400
136395
78445
73219
6904
97868
139024
28359
153086
26346
55957
165269
12007
89040
83231
26718
41478
96007
145252
78246
13536
98031
162652
18781
86366
28260
136410
172850
139754
83968
132224
74407
49741
39167
167619
132806
69673
94734
131057
84643
77876
100711
2516
103327
93194
141873
67462
126151
45772
155292
77894
76099
105174
72802
93231
158395
42218
158271
124450
75217
17222
13441
46544
114641
144098
6371
120117
70019
110029
94106
56404
72497
122529
101269
90714
25092
139827
144683
47235
13623
72300
116839
21881
41935
96173
3289
138030
137291
67373
120817
99293
40085
2400
79087
120970
58848
36998
171618
112127
144193
107762
66873
5235
35813
10684
77474
174087
70217
150440
175817
22857
72927
122815
6845
89667
97577
72172
82406
74105
4186
98348
134245
33411
129040
100250
81766
139573
17932
71244
77466
31994
44169
96954
127119
106312
76170
114299
35592
13825
121103
115732
93871
25683
2167
107994
52385
151801
90611
27472
92466
69775
66833
63696
78768
134030
94891
91876
19331
105775
64014
71779
96986
123565
34488
25927
59222
96573
83296
133318
105469
145655
95362
7924
24676
36890
82403
132546
168134
142045
126015
78552
7038
87670
34810
144995
56208
77332
21734
47630
3864
19089
1766
169104
128054
83077
98633
186
92040
142838
135196
20826
132285
66388
101931
23299
152369
116037
141571
54323
169480
23000
61261
100964
73649
17086
23334
47158
67109
141849
58926
30708
148895
6682
136358
26776
38712
108113
111418
92154
141767
116718
10861
169608
104363
34456
48133
153369
155164
50783
73684
175448
167734
168754
31344
20448
92944
54864
60124
60319
53192
91378
26625
76716
151836
11345
147908
47710
107546
133215
87342
151879
93018
84692
14464
47867
23221
49709
10060
68375
126053
112976
108029
26092
76613
165957
159670
175844
164856
146932
91828
68384
165397
157855
673
69299
92196
173000
39891
28193
140035
69939
113442
154632
62534
143254
96855
161148
110894
135910
175263
69117
59015
24989
15965
20854
104891
17101
172868
38115
28642
20341
122093
36058
926
203
101851
132570
40535
123525
