131183
94302
140493
94676
63452
30889
114210
116721
49489
105046
121247
70064
20714
172606
62087
17097
183371
40078
68817
40004
118340
178432
166259
26684
167483
140111
148697
166877
85661
8323
42310
172339
49160
103619
182485
124695
124019
52516
181211
33451
85699
93271
118691
95584
113872
182735
127885
176870
179859
131589
40764
160508
10047
47405
109114
98365
119943
62382
90800
146275
132727
70193
127517
164014
89402
51123
174914
165570
9888
137754
128342
47391
176902
100893
110428
127938
128958
67097
51259
91406
101499
69827
133293
64165
20035
51387
155681
105548
62083
157763
29134
85950
162033
75861
160362
110618
173026
77966
105205
69359
180812
151920
157033
58072
112087
73055
72874
149104
38411
90390
128262
164501
12901
126119
27078
7699
83860
29080
97127
153667
108508
114521
180209
71456
170146
111346
85178
159455
148014
142850
146467
83354
73719
85216
154247
131735
40163
42282
98144
148598
132338
98338
5711
153911
113548
164330
179011
50402
153498
26247
137498
107791
96534
108488
27805
87859
81226
107941
65730
111496
159306
83103
169557
92071
77975
116934
174742
9331
173695
183077
166188
173330
83068
103607
53716
102774
181429
140440
168431
36301
393
152242
31360
115430
80571
180884
182152
120312
93938
109267
58102
134942
99201
4209
8767
25854
86223
66865
104094
126878
67226
153191
132482
72947
184115
180951
162876
43505
50043
54291
162931
129554
120179
63108
104999
119535
1992
111913
115746
145785
181187
70827
122994
69862
72320
69505
27583
60446
44648
90133
5930
99259
133454
45615
16334
140153
72545
179644
20360
95563
82776
110805
136064
111414
45272
82955
80757
41130
73556
111490
11045
178287
93586
18484
137517
1271
111456
147057
121143
75742
169262
79508
74887
109847
107382
16963
35767
106708
57787
57709
84859
45528
68101
9442
86871
90032
160935
95671
152708
138410
145426
10210
72135
16546
172469
22039
122106
145032
137141
149442
27428
67063
99114
42667
179332
125270
166640
3714
174955
42089
14852
159502
79933
59198
125681
116153
17027
93965
155851
82775
22403
65000
75627
115781
150056
136039
7594
152592
113786
78088
172183
95344
152675
135899
66889
7682
11343
113712
86583
82928
68871
87501
164172
168941
96427
74055
2361
154021
180338
31643
136053
51636
96375
19967
47601
483
105176
48725
77533
140059
161011
6373
22489
23612
7577
3830
116725
9675
142088
176364
44104
37155
116630
84301
103282
30563
124272
913
80449
89419
183296
81187
16173
17282
99393
49591
129334
161712
176477
69104
177633
20863
136486
104412
181988
99908
147680
159581
63488
96849
67921
144548
41659
155311
34660
162863
70977
156795
112020
37682
1493
176667
38494
124405
176893
24786
93920
80988
89601
116661
100091
65268
140405
18964
87802
104094
54033
97766
103152
62214
34569
103568
174549
180403
32765
165953
52778
35139
19164
84479
58992
177938
151698
94098
39020
103773
96619
11369
83820
180712
156012
59659
90333
105143
64003
92970
60682
32195
114861
57730
94908
30371
35722
146478
93622
56009
73545
113571
130340
93308
76348
56419
172541
178360
178917
145634
144152
105690
25899
125969
575
85949
26219
122696
11316
94902
176073
121440
47786
106706
131330
80134
114437
43179
119189
120948
68599
16520
12880
123200
148342
184290
11220
46667
34329
181235
162888
158831
71231
147376
148911
125282
131719
158986
78610
3518
106856
108501
7025
67867
98657
9972
99516
41531
75060
166458
108037
78561
48081
33741
84064
55768
64657
162338
151076
138825
151715
80369
170617
30978
31026
134502
37792
99606
58266
179218
122391
37580
183577
15303
127284
65252
177664
43008
87301
180653
2673
158198
149902
142918
5501
35936
63137
73435
135460
98173
60516
98923
154613
101318
28137
48799
177722
122217
27031
32187
136148
87639
67393
175153
97557
61089
79291
93099
51131
138260
9014
169514
55275
174569
137016
32333
30871
162646
151666
182374
136434
64449
102199
191
13607
7052
127115
91870
172522
124450
160808
131163
131282
166924
18704
99355
52664
145414
141476
121468
155216
67346
34496
179463
140703
7774
43877
112754
85526
98599
12769
24430
38534
173222
45226
69210
25455
51913
2532
148987
148108
84205
15521
14101
139100
66442
149459
31139
180640
44458
97425
19016
40377
55216
65497
165127
90315
19038
128989
54308
7237
4443
29626
152707
78000
24961
128313
8805
116635
142658
132546
27691
98541
77959
155636
70113
73546
50852
108396
38251
154145
64369
109435
136205
182014
12933
24122
25596
53895
55773
6856
43721
29339
153465
96081
120642
162133
136686
52843
35208
128187
159275
52935
151629
95567
16540
16735
171027
105516
120690
59603
10788
102420
135950
43877
166518
23637
164575
81433
32001
63598
97929
136311
14766
167947
177710
90716
143385
161353
137264
67203
22146
26685
166564
20692
90005
178063
168599
21170
114326
131862
2363
15498
134950
137590
46274
119147
166289
79822
18183
47392
158599
8850
178180
40513
97425
34007
141691
97268
64528
35844
96610
36507
47263
96267
140026
28074
130572
144420
105082
87128
88346
178980
94527
177718
83731
83476
109722
8451
14580
99998
63780
124861
43534
7031
42908
169675
74938
49342
140850
89484
76501
159523
90714
8558
23897
98251
106740
105435
105112
93408
158995
88597
141519
164661
120729
181874
28217
38311
97221
61546
173102
166450
75810
24455
8359
63196
145131
47964
87994
53404
162422
6574
60019
75281
150130
10708
50263
54102
7055
105116
156280
173480
122465
9203
14119
17952
132274
86258
120058
46599
93866
178075
76928
135765
25402
146187
93096
141243
682
152046
160721
101360
9246
17311
59946
117870
62075
53158
58370
45271
83861
144581
24605
159082
74302
1823
15882
69624
165691
91630
55104
93305
132662
51290
172658
145785
135519
28569
36015
168676
182054
18892
105392
96329
21840
93758
57819
114940
117052
36901
129911
78201
29807
162961
110551
27296
126405
70253
172803
158372
9941
157485
25556
85419
124191
165158
168731
130732
59890
48562
158016
180350
154475
86957
21719
102523
78864
23117
90033
179789
181746
183155
113940
20314
111868
156763
61948
44337
145100
96061
161348
92858
169812
171857
66813
166094
181435
168699
29584
158673
78510
99278
95415
46416
83523
165901
79749
86486
170537
90471
85920
115602
104789
129881
84048
22157
37057
109115
100937
151124
179835
165933
181648
102526
97736
3404
150509
18931
179122
123443
104629
41560
47538
139759
12306
46915
127336
87462
25018
135749
93705
180225
83561
54492
129806
39982
164789
162489
22592
145291
5975
27089
124083
67962
98356
68697
89615
146775
144687
168977
114192
178933
18723
8248
41503
44687
133017
87649
122342
174566
92320
162077
72090
25332
117196
80237
34610
32307
156747
42399
52324
92533
14984
100004
134096
16954
145653
127200
110065
173726
64917
173303
172737
118390
41097
157874
16501
56349
175857
53499
48889
183431
170078
12672
5158
89629
92624
136485
92352
153257
26482
168361
112758
79839
35692
129663
108622
92451
23851
113199
59982
5640
1009
87592
78842
37402
150806
141346
25408
158825
55514
19366
85660
39136
152733
49229
83561
155369
64320
78982
83273
44650
144272
5555
156260
59577
86260
88919
14100
142325
65488
42554
17743
28140
171058
161560
13485
151236
140803
52843
64105
106868
70702
133658
98189
104144
4709
4130
58591
6463
121744
111963
121634
68589
38535
47463
9632
178327
53029
181714
52886
128803
101572
121879
43027
54491
6049
105521
24938
101304
171690
4236
56471
19195
110554
51856
55277
61114
178224
59545
122474
8555
110849
166278
57903
90517
156723
147800
43748
57288
95205
116542
175588
144677
162579
151426
9303
123069
161292
70575
84825
156012
21602
161734
75192
41843
70474
182643
8095
102587
33275
181544
123917
69606
72028
146952
25668
156928
84927
86810
80646
166434
99559
59358
97169
151342
165967
119964
26549
53618
120055
162941
168025
6520
87268
130687
8503
36568
122293
137304
66358
40781
132251
33041
171623
95732
176891
51756
126776
101530
9583
120107
26982
97155
48834
36974
171852
180909
57863
179536
160849
118282
138867
43543
138259
15822
152006
126832
71134
152622
33779
101624
127929
70207
69566
27899
94952
62811
140058
102739
148920
62649
29017
103034
114693
167941
103616
42564
149149
6980
13932
169002
97049
54355
177712
74314
145726
46387
103878
118167
154793
100633
179029
31833
150450
146897
60124
135047
90755
132624
81756
110830
39311
67046
32776
97604
29333
51949
44830
142516
70539
82969
116559
177902
181124
170829
180720
101202
40012
38536
120728
87700
158871
18108
126413
111676
55584
177195
10939
89476
24763
137228
169410
166075
143724
78296
111394
126798
120485
128968
82717
180202
116434
95918
14387
182485
181129
80709
138357
47304
27957
110699
108882
166402
32358
44627
95780
9805
78894
144698
119727
177940
111392
145412
93705
183218
14795
148363
31261
34968
49124
89206
109071
26318
154914
85960
4109
122445
98722
103721
79003
83734
4271
584
9005
48969
92455
110135
160460
90300
17821
139604
38022
22436
125298
55874
174281
164289
59459
164367
173973
169444
181349
94746
149477
93911
45564
43368
48673
60563
61740
62617
82691
48832
180670
54104
133047
144194
92442
174752
45739
385
67405
121050
174625
77552
171069
40494
133302
41689
136877
31500
19383
40794
70689
112686
19439
4160
86731
108665
20310
171423
87979
85263
48123
19820
33268
174292
22753
78974
163097
11286
62854
173307
56678
37131
93687
44448
140484
181681
46452
157047
173358
168204
92765
183862
100484
96283
40173
142192
163868
113774
70576
59524
131730
23112
111284
82390
103218
116751
23929
156343
93255
138084
74296
84222
4073
144847
79833
88955
17701
175011
91015
172870
1835
25902
115178
107583
168872
76943
116064
160920
88399
32481
163950
58778
106296
141963
67716
158045
138863
125914
72512
140385
86636
97263
175809
108889
58866
133124
169304
7384
143099
64846
42722
12695
88838
46933
174261
59992
116483
67848
159448
93613
54346
38967
25526
42518
65579
9952
54510
68664
63937
116128
171206
176127
42136
46062
84035
18769
52590
112802
136036
33552
98295
17354
112882
68062
9870
130483
142258
90633
147571
57171
17208
175535
142443
142786
176725
49629
108498
99766
170460
53808
65615
66315
35921
136977
68126
68649
70756
156985
21403
6515
63482
125303
947
57902
59182
43796
48207
125024
45065
26085
141544
166782
60500
62349
117930
169466
41613
183162
159280
164360
174811
5218
63445
100711
61276
126425
154810
38454
164949
159202
128950
20645
179478
139374
157814
68190
65272
101802
174593
76025
20526
91448
24668
31644
6039
127517
161185
99366
89270
144680
81230
45222
33068
125057
39506
3763
21104
114850
86623
130889
72038
31116
17723
23675
119676
2333
65591
67636
179488
19827
173742
76263
167346
5697
183956
179294
122852
161341
53016
130905
137272
184032
127567
87498
119524
11194
21718
2527
160278
34428
120630
43699
108457
28095
9969
12731
48945
154442
180036
37241
157814
127402
115971
91646
24797
108843
90118
24615
23157
25948
145559
38814
41158
70105
153521
127265
25227
157061
14760
47800
9613
60386
132564
182896
118067
123888
132572
64187
22112
105629
107328
76015
16946
156482
94962
25560
56632
7944
73575
72150
122647
101792
113311
97682
142531
115902
74718
35755
129587
80899
174865
4490
34069
150993
99778
116869
78536
83132
1131
60220
86354
98909
21562
14754
152874
94818
129294
123857
41544
130221
62660
36204
148528
56984
143220
108346
147777
91212
78315
50374
156259
170214
64665
177802
34268
60331
64036
157132
91003
96971
72444
72151
68117
152548
45396
140586
52170
128342
112558
33730
32369
110758
171492
121015
152402
31807
121767
117034
45981
147784
90134
168259
80023
113911
151127
159356
17498
162727
58893
40612
33287
76300
50472
145591
172920
147475
53654
80261
55695
183290
151183
165904
103718
50359
128097
40129
23931
134354
143851
13738
40688
97587
16326
108649
95396
165153
78912
77445
89248
178059
121139
13396
96928
133827
60712
130041
117641
170024
174989
67671
104729
127971
74619
78009
85746
143265
128983
171142
91325
137112
54784
56443
139552
144883
65163
116239
184145
60307
2429
29931
27571
112238
147062
77483
2331
32543
143315
2326
127081
121630
73621
111663
85617
110637
164968
91232
172682
1619
99267
110885
161385
41035
67814
33756
172092
7259
66764
37863
108257
30981
96901
53273
67392
14441
146605
134046
175464
60689
113750
73959
87096
11212
135393
126005
92836
68642
165027
27694
75360
39672
98992
103582
118520
89653
62508
147288
22005
138841
71333
82840
33523
58462
61462
32046
135254
78375
148298
73351
179649
11636
87402
65760
121725
176682
4924
141488
48949
69587
181388
83555
4741
107090
38053
51632
160292
36996
82772
34600
86669
72199
14886
146675
84372
43720
54172
116024
177899
69171
69307
146631
59945
13970
121211
174943
73670
22799
64555
161449
22485
152861
174817
1169
40176
115492
175721
78954
48414
2015
170248
132937
76951
166195
125733
132314
17514
81592
159662
109212
163590
25693
58120
73706
118647
18686
155019
77556
127328
68526
76892
156810
41202
28827
19204
63582
73287
64677
183251
77235
85572
31502
114263
69629
144050
8732
16478
149519
78602
25389
76059
128334
135741
95839
180883
122030
26293
181951
124741
179658
1491
93013
131651
62616
69501
65354
111133
107751
113047
156614
91144
13639
98113
167103
112202
22350
115724
36381
21980
60637
26310
50850
15850
164249
174284
20232
144011
15842
77219
57928
144972
71103
73827
158942
80085
166030
144652
64292
116172
144044
95510
156793
90053
48370
162330
147927
129134
77268
711
46969
1045
126178
115902
139079
146572
13624
158227
121905
83688
